                  dY                  C~1              C~2/C~1              C~3/C~1              C~4/C~1              C~5/C~1              C~6/C~1              C~7/C~1              C~8/C~1 
                 0.2              0.98328          -0.00103412          2.32894e-06          2.01367e-06         -1.03022e-05          6.31254e-05         -0.000446505           0.00356788 
                 0.4               1.9546          -0.00198237          1.42434e-05         -1.18081e-05          4.84346e-05         -0.000250476           0.00155753           -0.0113195 
                 0.6              2.90245          -0.00277833          2.18229e-05         -3.61418e-06          9.66079e-06         -2.29771e-05         -3.72995e-05           0.00158462 
                 0.8              3.81632          -0.00340436          3.28615e-05         -7.50199e-06          2.97747e-05         -0.000155003          0.000960357          -0.00690751 
                   1              4.68704          -0.00386777          3.86939e-05          1.48068e-06         -7.73408e-06          3.17023e-05         -0.000137334          0.000534518 
                 1.2              5.50724          -0.00419911          4.62482e-05         -1.54342e-06          3.63158e-06         -2.01734e-05          0.000121231         -0.000774965 
                 1.4              6.27155          -0.00442742          5.09762e-05         -7.65361e-07         -2.67876e-06          2.32957e-05         -0.000200663           0.00183727 
                 1.6               6.9768          -0.00457925          5.31332e-05          3.64064e-06         -2.46101e-05          0.000150112          -0.00105448           0.00841504 
                 1.8              7.62193           -0.0046759          5.64161e-05          -1.5088e-06          8.79042e-07         -1.48256e-06         -5.26113e-06          0.000119609 
                   2               8.2078          -0.00473139          5.68606e-05          1.04778e-06         -1.07215e-05          6.30985e-05         -0.000437474           0.00350001 
                 2.2              8.73677          -0.00475822          5.83625e-05         -2.15183e-06          3.42232e-06         -1.58525e-05          9.26773e-05         -0.000647749 
                 2.4              9.21228          -0.00476361          5.79227e-05         -6.51305e-07         -1.38945e-06         -3.47362e-07          6.31983e-05         -0.000958861 
                 2.6              9.63844           -0.0047549           5.7914e-05         -1.43177e-06          2.10615e-06         -1.72538e-05          0.000149142          -0.00137987 
                 2.8              10.0197          -0.00473678          5.80657e-05         -2.76456e-06          5.84849e-06         -2.64779e-05          0.000143348         -0.000895538 
                   3              10.3606          -0.00471213          5.78154e-05         -3.71602e-06          1.03566e-05           -5.131e-05          0.000301248          -0.00203657 
                 3.2              10.6657           -0.0046825          5.53455e-05          2.38146e-06         -1.35574e-05          6.06522e-05         -0.000305174            0.0016661 
                 3.4              10.9399          -0.00465147           5.6207e-05         -2.50459e-06           6.8282e-06         -4.18193e-05          0.000301382          -0.00247623 
                 3.6              11.1879           -0.0046182          5.54081e-05         -1.76977e-06          2.89599e-06         -1.61871e-05          0.000109172         -0.000850348 
                 3.8              11.4143          -0.00458444          5.47645e-05         -1.86608e-06          3.95117e-06          -2.5249e-05          0.000191014          -0.00164548 
                   4              11.6237          -0.00455167          5.42944e-05         -2.13358e-06            3.837e-06         -1.64406e-05          7.93639e-05         -0.000401104 
                 4.2              11.8198          -0.00452134          5.34779e-05         -1.48056e-06          1.61593e-06         -8.01196e-06          5.01953e-05         -0.000378059 
                 4.4               12.006          -0.00449575          5.22905e-05           1.7408e-06          -1.5409e-05          9.57021e-05         -0.000672455           0.00531822 
                 4.6              12.1846          -0.00447722          5.26565e-05         -1.23927e-06         -7.38636e-07           9.0606e-06         -7.58087e-05          0.000629145 
                 4.8              12.3577          -0.00446671          5.30763e-05          -4.1189e-06          1.31497e-05         -6.85081e-05          0.000424894          -0.00306059 
                   5              12.5271          -0.00446466          5.22388e-05         -1.48478e-06          2.36288e-06         -1.50793e-05           0.00011341          -0.00097056 
                 5.2              12.6941          -0.00447204          5.23237e-05         -6.38094e-07         -2.96201e-06          2.08365e-05         -0.000156554           0.00129093 
                 5.4              12.8562          -0.00448902           5.2597e-05         -8.40059e-07           6.9227e-07         -1.16441e-05          0.000121116          -0.00121376 
                 5.6              13.0083          -0.00451675          5.26971e-05          1.99872e-06          -1.4852e-05          8.75286e-05         -0.000606335           0.00482023 
                 5.8              13.1442          -0.00455476          5.40695e-05           7.3036e-07         -8.42958e-06          4.54801e-05         -0.000283943           0.00201907 
                   6              13.2588          -0.00459924          5.58344e-05         -1.03327e-06         -1.13132e-06          8.21338e-06         -6.12647e-05          0.000496815 
                 6.2              13.3496          -0.00464467          5.69532e-05          8.01524e-07         -1.24873e-05          8.24222e-05         -0.000603518           0.00492731 
                 6.4              13.4165          -0.00468559          5.89424e-05         -2.01245e-06          1.31927e-06          1.51306e-06         -5.53945e-05          0.000697411 
                 6.6              13.4623          -0.00471786          6.00864e-05         -2.95641e-06          8.62409e-06         -5.32153e-05          0.000377127          -0.00301843 
                 6.8              13.4913          -0.00474065          6.06022e-05         -1.17113e-06         -1.68257e-06           1.1689e-05         -8.30389e-05          0.000639006 
                   7              13.5081          -0.00475491           6.1526e-05         -3.73109e-06          1.34586e-05         -8.61705e-05          0.000623011          -0.00505604 
                 7.2              13.5171           -0.0047633          6.22471e-05         -3.89137e-06          9.72103e-06         -4.65189e-05          0.000263489          -0.00171279 
                 7.4              13.5214          -0.00476704          6.15689e-05         -1.24987e-06         -3.99366e-07         -1.35341e-06          3.78066e-05         -0.000516927 
                 7.6              13.5233           -0.0047689          6.19595e-05         -2.72122e-06          6.76608e-06         -4.08923e-05          0.000285026          -0.00225122 
                 7.8              13.5241           -0.0047699          6.26216e-05         -4.71751e-06          1.48254e-05          -8.0693e-05          0.000517299          -0.00381344 
                   8              13.5244          -0.00476984          6.17405e-05         -1.55275e-06          7.76377e-07         -5.51598e-06          4.56288e-05         -0.000416153 
                 8.2              13.5244          -0.00477019          6.22577e-05         -3.03894e-06          6.41801e-06         -3.17869e-05          0.000189331          -0.00131069 
                 8.4              13.5245          -0.00477033           6.2472e-05         -3.67482e-06          8.99851e-06         -4.47707e-05           0.00026614          -0.00182705 
                 8.6              13.5245           -0.0047701          6.20801e-05         -2.84669e-06          7.24613e-06         -4.42679e-05          0.000314393          -0.00253158 
                 8.8              13.5245          -0.00477025           6.2472e-05         -4.18501e-06          1.30874e-05         -7.55076e-05          0.000512715          -0.00399076 
                   9              13.5245          -0.00477025           6.2472e-05         -4.18501e-06          1.30874e-05         -7.55002e-05           0.00051256          -0.00398839 
                 9.2              13.5245          -0.00477026          6.24867e-05         -4.22937e-06          1.32648e-05         -7.63875e-05          0.000517884          -0.00402566 
                 9.4              13.5245          -0.00477026          6.24867e-05         -4.22937e-06          1.32648e-05         -7.63875e-05          0.000517884          -0.00402566 
                 9.6              13.5245          -0.00477026          6.24867e-05         -4.22937e-06          1.32648e-05         -7.63875e-05          0.000517884          -0.00402566 
                 9.8              13.5245          -0.00477026          6.24867e-05         -4.22937e-06          1.32648e-05         -7.63875e-05          0.000517884          -0.00402566 
                  10              13.5245          -0.00477026          6.24867e-05         -4.22937e-06          1.32648e-05         -7.63875e-05          0.000517884          -0.00402566 
                10.2              13.5245          -0.00477026          6.24867e-05         -4.22937e-06          1.32648e-05         -7.63875e-05          0.000517884          -0.00402566 
                10.4              13.5245          -0.00477026          6.24867e-05         -4.22937e-06          1.32648e-05         -7.63875e-05          0.000517884          -0.00402566 
                10.6              13.5245          -0.00477026          6.24867e-05         -4.22937e-06          1.32648e-05         -7.63875e-05          0.000517884          -0.00402566 
                10.8              13.5245          -0.00477026          6.24867e-05         -4.22937e-06          1.32648e-05         -7.63875e-05          0.000517884          -0.00402566 
                  11              13.5245          -0.00477026          6.24867e-05         -4.22937e-06          1.32648e-05         -7.63875e-05          0.000517884          -0.00402566 
                11.2              13.5245          -0.00477026          6.24867e-05         -4.22937e-06          1.32648e-05         -7.63875e-05          0.000517884          -0.00402566 
                11.4              13.5245          -0.00477026          6.24867e-05         -4.22937e-06          1.32648e-05         -7.63875e-05          0.000517884          -0.00402566 
                11.6              13.5245          -0.00477026          6.24867e-05         -4.22937e-06          1.32648e-05         -7.63875e-05          0.000517884          -0.00402566 
                11.8              13.5245          -0.00477026          6.24867e-05         -4.22937e-06          1.32648e-05         -7.63875e-05          0.000517884          -0.00402566 
                  12              13.5245          -0.00477026          6.24867e-05         -4.22937e-06          1.32648e-05         -7.63875e-05          0.000517884          -0.00402566 
