                  dY                   K1                K2/K1                K3/K1                K4/K2                K5/K1                K6/K2                K7/K1                K8/K2 
                 0.2              1.57602             0.998459             0.995385             0.990782             0.977052             0.954286             0.904846             0.811657 
                 0.4               3.1377             0.997051             0.991175             0.982392             0.956339             0.913332             0.821055             0.649181 
                 0.6              4.67106             0.995864             0.987638             0.975355             0.939089             0.879453             0.752791             0.519247 
                 0.8              6.16286             0.994932             0.984864             0.969844             0.925659             0.853209             0.700552             0.421284 
                   1              7.60099             0.994238             0.982801             0.965749             0.915717             0.833848             0.662346             0.350378 
                 1.2              8.97475              0.99374             0.981321             0.962812             0.908607             0.820028             0.635221             0.300342 
                 1.4              10.2752             0.993391             0.980286             0.960759             0.903644             0.810387             0.616353             0.265624 
                 1.6              11.4953             0.993154             0.979581             0.959357             0.900261              0.80381             0.603495              0.24197 
                 1.8              12.6303             0.992997             0.979115             0.958435             0.898032             0.799475             0.595019             0.226353 
                   2              13.6777             0.992901              0.97883             0.957866             0.896658             0.796798             0.589775             0.216659 
                 2.2              14.6373             0.992849             0.978676              0.95756             0.895918             0.795355             0.586939             0.211384 
                 2.4              15.5108             0.992831             0.978622              0.95745             0.895653             0.794832               0.5859             0.209411 
                 2.6              16.3019             0.992837             0.978639             0.957485             0.895733             0.794984              0.58618             0.209874 
                 2.8              17.0154              0.99286             0.978708              0.95762             0.896061             0.795615             0.587399             0.212075 
                   3              17.6566             0.992894              0.97881             0.957825             0.896551             0.796567              0.58925             0.215453 
                 3.2              18.2313             0.992936             0.978933             0.958069             0.897141             0.797714             0.591487             0.219558 
                 3.4              18.7449             0.992981             0.979068             0.958336             0.897784             0.798961             0.593924             0.224046 
                 3.6              19.2025             0.993026             0.979203             0.958607              0.89844             0.800241             0.596427             0.228669 
                 3.8              19.6087             0.993071             0.979338             0.958876             0.899089             0.801505             0.598909             0.233263 
                   4              19.9679             0.993116             0.979469             0.959135             0.899717             0.802731             0.601316              0.23773 
                 4.2              20.2845             0.993158             0.979594             0.959383             0.900318             0.803902              0.60362             0.242018 
                 4.4               20.563             0.993198             0.979712             0.959617             0.900886             0.805012             0.605808             0.246098 
                 4.6              20.8077             0.993235             0.979822             0.959837             0.901418             0.806054             0.607866             0.249943 
                 4.8              21.0231             0.993269             0.979924             0.960042             0.901913             0.807024             0.609777             0.253518 
                   5              21.2134             0.993301             0.980018             0.960227             0.902364             0.807903             0.611516             0.256772 
                 5.2              21.3824             0.993328               0.9801             0.960392             0.902761             0.808683             0.613053             0.259647 
                 5.4              21.5337             0.993352             0.980171             0.960532               0.9031             0.809347             0.614363             0.262093 
                 5.6              21.6705             0.993371             0.980227             0.960646             0.903378              0.80989             0.615433              0.26409 
                 5.8              21.7959             0.993388             0.980274             0.960736             0.903597             0.810315             0.616272             0.265649 
                   6              21.9116             0.993397             0.980306             0.960801             0.903753             0.810621             0.616872             0.266767 
                 6.2              22.0166             0.993405             0.980325             0.960837             0.903842             0.810793              0.61721             0.267391 
                 6.4              22.1091             0.993405             0.980328             0.960844             0.903858             0.810824             0.617272               0.2675 
                 6.6              22.1869             0.993402             0.980318             0.960825              0.90381             0.810731             0.617088             0.267159 
                 6.8              22.2488             0.993395             0.980299             0.960787             0.903718             0.810554             0.616741             0.266521 
                   7              22.2951             0.993388             0.980276             0.960742             0.903611             0.810345             0.616334              0.26578 
                 7.2              22.3274              0.99338             0.980255               0.9607              0.90351             0.810149             0.615957             0.265101 
                 7.4              22.3482             0.993375             0.980238             0.960666              0.90343             0.809996             0.615662             0.264573 
                 7.6              22.3607             0.993371             0.980227             0.960644             0.903376             0.809892             0.615462             0.264217 
                 7.8              22.3675             0.993368              0.98022             0.960631             0.903343             0.809829             0.615342             0.264005 
                   8              22.3709             0.993367             0.980216             0.960623             0.903325             0.809796             0.615278             0.263892 
                 8.2              22.3724             0.993367             0.980214              0.96062             0.903317              0.80978             0.615248             0.263838 
                 8.4              22.3731             0.993367             0.980214             0.960618             0.903313             0.809773             0.615235             0.263815 
                 8.6              22.3733             0.993367             0.980213             0.960618             0.903312              0.80977              0.61523             0.263807 
                 8.8              22.3734             0.993366             0.980213             0.960618             0.903311              0.80977             0.615228             0.263804 
                   9              22.3734             0.993366             0.980213             0.960618             0.903311              0.80977             0.615228             0.263803 
                 9.2              22.3734             0.993366             0.980213             0.960618             0.903311              0.80977             0.615228             0.263803 
                 9.4              22.3734             0.993366             0.980213             0.960618             0.903311              0.80977             0.615228             0.263803 
                 9.6              22.3734             0.993366             0.980213             0.960618             0.903311              0.80977             0.615228             0.263803 
                 9.8              22.3734             0.993366             0.980213             0.960618             0.903311             0.809769             0.615228             0.263803 
                  10              22.3734             0.993366             0.980213             0.960618             0.903311             0.809769             0.615228             0.263803 
                10.2              22.3734             0.993366             0.980213             0.960618             0.903311             0.809769             0.615228             0.263803 
                10.4              22.3734             0.993366             0.980213             0.960618             0.903311             0.809769             0.615228             0.263803 
                10.6              22.3734             0.993366             0.980213             0.960618             0.903311             0.809769             0.615228             0.263803 
                10.8              22.3734             0.993366             0.980213             0.960618             0.903311             0.809769             0.615228             0.263803 
                  11              22.3734             0.993366             0.980213             0.960618             0.903311             0.809769             0.615228             0.263803 
                11.2              22.3734             0.993366             0.980213             0.960618             0.903311             0.809769             0.615228             0.263803 
                11.4              22.3734             0.993366             0.980213             0.960618             0.903311             0.809769             0.615228             0.263803 
                11.6              22.3734             0.993366             0.980213             0.960618             0.903311             0.809769             0.615228             0.263803 
                11.8              22.3734             0.993366             0.980213             0.960618             0.903311             0.809769             0.615228             0.263803 
                  12              22.3734             0.993366             0.980213             0.960618             0.903311             0.809769             0.615228             0.263803 
