            dY            C~1        C~2/C~1        C~3/C~1        C~4/C~1        C~5/C~1        C~6/C~1        C~7/C~1        C~8/C~1
           0.2        0.88407      -0.000971          3e-06   -1.35363e-06    3.53635e-06   -3.97086e-06   -7.59287e-05     0.00131116
           0.4        1.75051       -0.00186          1e-05   -2.31122e-06     7.1122e-06   -2.10291e-05    1.68297e-05    0.000757345
           0.6         2.5829      -0.002608        1.6e-05    8.64307e-06   -4.44307e-05    0.000264062    -0.00182109      0.0143248
           0.8        3.36717      -0.003195        2.8e-05   -3.08413e-06    1.08413e-05   -5.47093e-05    0.000331558    -0.00234086
             1         4.0924      -0.003624        3.3e-05    6.34363e-06   -3.54363e-05    0.000217483    -0.00154733       0.012514
           1.2        4.75139      -0.003924        4.3e-05   -1.22176e-05    6.11764e-05   -0.000378986     0.00269818     -0.0217596
           1.4        5.34071       -0.00412        4.5e-05    -3.8334e-06     1.6334e-05   -9.78334e-05    0.000656431    -0.00490773
           1.6        5.86042      -0.004241        4.8e-05   -5.82569e-06    2.62569e-05   -0.000163072     0.00116754    -0.00948018
           1.8        6.31353      -0.004307        4.7e-05    5.53916e-06   -3.63916e-05    0.000235232    -0.00172975       0.014326
             2        6.70513      -0.004336        4.9e-05    -9.7944e-07     -2.056e-07    2.30635e-06   -1.88454e-05    0.000161303
           2.2        7.04168      -0.004338        4.7e-05    7.14164e-06   -4.04164e-05    0.000243176    -0.00170697      0.0136911
           2.4        7.33035      -0.004324        4.7e-05    7.41218e-06   -4.51218e-05     0.00028263    -0.00202445       0.016385
           2.6         7.5785        -0.0043          5e-05    -6.8469e-06     2.8469e-05   -0.000168519     0.00118065     -0.0095148
           2.8        7.79344      -0.004268        4.9e-05    -5.4733e-06     2.3733e-05   -0.000148679     0.00108231    -0.00894717
             3        7.98216      -0.004232        4.8e-05   -4.29012e-06    1.79012e-05   -0.000108935    0.000760009    -0.00599981
           3.2        8.15118      -0.004194        4.5e-05    4.82484e-06   -2.42484e-05    0.000123656    -0.00073669     0.00502704
           3.4        8.30628      -0.004158        4.5e-05    5.01861e-06   -3.41861e-05    0.000221361    -0.00161204      0.0131528
           3.6        8.45226      -0.004125        4.6e-05    -4.6075e-06     2.5075e-05   -0.000177784     0.00138458     -0.0119024
           3.8        8.59283      -0.004098        4.5e-05   -9.30938e-07    1.30938e-06   -1.26933e-05    0.000120074    -0.00118636
             4        8.73076      -0.004079        4.3e-05    5.16049e-06   -2.66049e-05    0.000142659   -0.000900329     0.00655533
           4.2        8.86842      -0.004071        4.3e-05    5.76653e-06   -3.36653e-05    0.000202265     -0.0014047      0.0111038
           4.4        9.00792      -0.004075        4.7e-05   -1.00712e-05    4.57123e-05   -0.000270176     0.00185592     -0.0145298
           4.6        9.14845      -0.004089        4.5e-05   -3.75604e-07   -3.24396e-06    2.43025e-05   -0.000198738     0.00178271
           4.8        9.28514      -0.004118        4.6e-05     2.6894e-08   -1.02689e-05     8.8273e-05   -0.000765495     0.00708131
             5        9.41169      -0.004161        4.9e-05   -8.87378e-06    3.77378e-05   -0.000213174     0.00140619     -0.0106372
           5.2        9.52215      -0.004214          5e-05   -7.24124e-06    3.14124e-05   -0.000188764     0.00132374     -0.0106075
           5.4        9.61241       -0.00427        4.9e-05    2.59464e-06   -1.49464e-05    7.48827e-05   -0.000442164     0.00301438
           5.6         9.6811      -0.004323          5e-05    4.29563e-06   -2.09563e-05    0.000101387   -0.000588719     0.00399855
           5.8        9.72958      -0.004368        5.4e-05   -4.42326e-06    1.92326e-05   -0.000130835     0.00100412    -0.00858923
             6        9.76116        -0.0044        5.5e-05    -2.7728e-06      5.728e-06   -2.56672e-05    0.000134571   -0.000789774
           6.2        9.78009      -0.004421        5.7e-05   -8.68791e-06    3.78791e-05   -0.000228294     0.00159286      -0.012635
           6.4        9.79048      -0.004432        5.4e-05    5.91173e-06   -3.71173e-05    0.000226523    -0.00159867      0.0128333
           6.6        9.79567      -0.004439        5.7e-05   -5.74381e-06    2.24381e-05   -0.000134557    0.000939682    -0.00748834
           6.8        9.79803      -0.004442        5.7e-05   -4.58906e-06    1.48906e-05   -8.36692e-05    0.000562544    -0.00439009
             7        9.79898      -0.004443        5.7e-05   -5.53152e-06    2.23152e-05   -0.000135508    0.000942566    -0.00741937
           7.2        9.79933      -0.004443        5.5e-05    4.47736e-06   -3.37736e-05    0.000223301    -0.00166409      0.0138831
           7.4        9.79945      -0.004444        5.8e-05   -8.49175e-06    3.39175e-05   -0.000192927     0.00129113    -0.00994601
           7.6        9.79948      -0.004443        5.4e-05    8.48625e-06   -5.18625e-05    0.000319078    -0.00225508      0.0180775
           7.8        9.79948      -0.004443        5.5e-05    2.48625e-06   -1.68625e-05    9.40783e-05   -0.000631083     0.00494451
             8        9.79948      -0.004443        5.5e-05    2.48625e-06   -1.68625e-05    9.40783e-05   -0.000631083     0.00494451
           8.2        9.79949      -0.004443        5.5e-05    2.48625e-06   -1.68625e-05    9.40783e-05   -0.000632083     0.00497251
           8.4        9.79949      -0.004443        5.5e-05    2.48625e-06   -1.68625e-05    9.40783e-05   -0.000632083     0.00497251
           8.6        9.79949      -0.004443        5.5e-05    2.48625e-06   -1.68625e-05    9.40783e-05   -0.000632083     0.00497251
           8.8        9.79949      -0.004443        5.5e-05    2.48625e-06   -1.68625e-05    9.40783e-05   -0.000632083     0.00497251
             9        9.79949      -0.004443        5.5e-05    2.48625e-06   -1.68625e-05    9.40783e-05   -0.000632083     0.00497251
           9.2        9.79949      -0.004443        5.5e-05    2.48625e-06   -1.68625e-05    9.40783e-05   -0.000632083     0.00497251
           9.4        9.79949      -0.004443        5.5e-05    2.48625e-06   -1.68625e-05    9.40783e-05   -0.000632083     0.00497251
           9.6        9.79949      -0.004443        5.5e-05    2.48625e-06   -1.68625e-05    9.40783e-05   -0.000632083     0.00497251
           9.8        9.79949      -0.004443        5.5e-05    2.48625e-06   -1.68625e-05    9.40783e-05   -0.000632083     0.00497251
            10        9.79949      -0.004443        5.5e-05    2.48625e-06   -1.68625e-05    9.40783e-05   -0.000632083     0.00497251
