            dY            C~1        C~2/C~1        C~3/C~1        C~4/C~1        C~5/C~1        C~6/C~1        C~7/C~1        C~8/C~1
           0.2        5.00968      -0.002963        2.1e-05    7.43621e-06   -3.73621e-05    0.000219203    -0.00151323       0.012011
           0.4        10.0097      -0.005659        8.5e-05   -6.62558e-06    2.32558e-05   -0.000147212      0.0010946    -0.00925384
           0.6        14.9903      -0.007909       0.000163   -6.43962e-06    3.39623e-06   -1.27569e-05    5.02914e-05   -0.000130143
           0.8        19.9415      -0.009669       0.000242   -1.06584e-05   -2.41625e-06    4.71192e-05   -0.000497797     0.00508163
             1        24.8534      -0.010988        0.00031   -1.89886e-05    2.68859e-05   -0.000169559     0.00125373     -0.0104164
           1.2        29.7158      -0.011958       0.000362   -1.77263e-05    5.26312e-06   -5.07088e-05    0.000484257    -0.00461737
           1.4        34.5185      -0.012672       0.000403   -2.09222e-05     4.2224e-06   -3.75622e-05    0.000390455    -0.00400458
           1.6        39.2512      -0.013202       0.000434   -2.37723e-05    1.72286e-06    7.74791e-06   -9.96063e-05     0.00109437
           1.8        43.9038      -0.013599       0.000455   -1.75016e-05   -3.89843e-05    0.000256491    -0.00185595      0.0152188
             2         48.466      -0.013899       0.000472   -2.11876e-05   -1.81238e-05     9.9297e-05   -0.000600238     0.00428563
           2.2        52.9276      -0.014127       0.000485   -1.98233e-05   -3.87671e-05    0.000257603     -0.0018611      0.0151852
           2.4        57.2781      -0.014299       0.000498   -3.52691e-05    3.56914e-05   -0.000190973     0.00128684     -0.0100074
           2.6        61.5071      -0.014425       0.000505   -3.80341e-05    4.93408e-05   -0.000280863     0.00195634     -0.0155962
           2.8        65.6043      -0.014514       0.000507   -2.88252e-05    1.25174e-06    1.17383e-05   -0.000112938      0.0010732
             3        69.5601      -0.014574       0.000509   -2.84891e-05    5.89142e-06   -4.80118e-05    0.000479649    -0.00478234
           3.2        73.3658       -0.01461        0.00051   -2.62786e-05   -1.12141e-05    7.89335e-05   -0.000533122     0.00408484
           3.4        77.0142      -0.014625        0.00051    -2.8601e-05       6.01e-06   -4.15093e-05    0.000373644    -0.00343368
           3.6        80.5002      -0.014623       0.000509   -2.78753e-05    -2.4687e-07    9.73868e-06    -5.5591e-05    0.000422996
           3.8         83.821      -0.014606       0.000506   -2.36659e-05   -1.83407e-05      0.0001066   -0.000659831     0.00472525
             4        86.9752      -0.014577       0.000502   -1.75033e-05   -4.89671e-05    0.000296169    -0.00202801      0.0159851
           4.2        89.9629      -0.014539       0.000498   -1.28864e-05   -7.11358e-05    0.000424278    -0.00286757      0.0221583
           4.4        92.7851      -0.014495       0.000498   -2.83592e-05    1.25923e-05   -8.92502e-05    0.000734063    -0.00640598
           4.6        95.4426      -0.014446       0.000495   -2.76534e-05    3.53394e-06   -1.43864e-05    0.000143052    -0.00148752
           4.8        97.9363      -0.014393       0.000491   -2.65318e-05    -6.8201e-07    1.51041e-05   -0.000104574    0.000849051
             5        100.267      -0.014338       0.000485   -1.56901e-05   -5.60993e-05    0.000349441    -0.00241182      0.0188594
           5.2        102.434      -0.014283       0.000482   -1.98566e-05   -2.94336e-05    0.000176949    -0.00117441     0.00897822
           5.4        104.439       -0.01423       0.000483   -3.58209e-05    4.32093e-05   -0.000219386     0.00138113     -0.0100571
           5.6        106.281      -0.014175       0.000476   -2.28192e-05   -1.58083e-05    0.000115057   -0.000861333     0.00729056
           5.8        107.963      -0.014123       0.000473   -2.34211e-05   -1.17893e-05    8.79555e-05   -0.000639187     0.00521306
             6        109.486      -0.014073       0.000472   -3.26993e-05    3.59931e-05   -0.000189175     0.00120341    -0.00867912
           6.2        110.854      -0.014024       0.000466   -1.86834e-05   -3.41658e-05    0.000223854    -0.00159452       0.012855
           6.4        112.073      -0.013978       0.000464   -2.22256e-05   -1.07437e-05    5.83902e-05   -0.000295109     0.00156094
           6.6        113.152      -0.013934       0.000462   -2.34399e-05   -8.60132e-06    7.13913e-05   -0.000537078     0.00447456
           6.8        114.099      -0.013892       0.000459   -2.02734e-05   -2.52657e-05    0.000179364    -0.00133675      0.0111337
             7        114.928      -0.013853       0.000458   -2.36619e-05   -1.03812e-05    9.81548e-05   -0.000794226     0.00686864
           7.2        115.651      -0.013815       0.000455   -2.37438e-05    4.43795e-06   -4.37373e-05    0.000440498    -0.00428245
           7.4        116.282      -0.013781       0.000454   -2.43058e-05    1.05776e-06   -9.89457e-07    5.57138e-05   -0.000863675
           7.6        116.835      -0.013748        0.00045   -1.45806e-05   -4.91942e-05    0.000314475    -0.00224258      0.0181478
           7.8        117.325      -0.013719        0.00045   -2.03005e-05    -1.9995e-05    0.000136604   -0.000973207     0.00778459
             8        117.764      -0.013692       0.000448   -1.66439e-05   -4.25613e-05    0.000298483    -0.00227222      0.0193356
           8.2        118.167      -0.013669        0.00045   -2.84383e-05     1.4383e-05   -3.44901e-05    1.60753e-05     0.00129571
           8.4        118.546      -0.013647        0.00045   -3.59548e-05    6.15484e-05   -0.000349592     0.00235084       -0.01795
           8.6         118.91      -0.013627       0.000446   -2.40737e-05    5.73719e-06   -3.60666e-05    0.000299995    -0.00261296
           8.8        119.255      -0.013612       0.000444    -1.7461e-05   -3.13899e-05    0.000199089    -0.00138393       0.010948
             9        119.574      -0.013603       0.000445    -2.5903e-05    1.70301e-05   -0.000112025    0.000877357    -0.00752347
           9.2        119.856        -0.0136       0.000444   -2.23608e-05     -2.392e-06    1.10688e-05   -1.12848e-05   -0.000299311
           9.4        120.092      -0.013603       0.000445    -2.5903e-05    1.50301e-05   -9.58343e-05    0.000765358    -0.00676775
           9.6        120.279      -0.013609       0.000445   -2.59191e-05     1.8191e-05   -0.000124681    0.000998246    -0.00869429
           9.8        120.418      -0.013616       0.000444   -1.97729e-05   -1.42709e-05    7.40105e-05   -0.000395778     0.00237048
            10        120.513      -0.013623       0.000445    -2.2667e-05    1.66991e-06   -2.69768e-05    0.000329173     -0.0034779
          10.2        120.574      -0.013628       0.000444   -1.58572e-05   -3.74276e-05    0.000228527    -0.00156817      0.0123697
          10.4         120.61      -0.013632       0.000446   -2.32637e-05     6.3744e-07   -6.32474e-06    0.000120888    -0.00149536
          10.6        120.629      -0.013634       0.000446   -2.29397e-05     -6.033e-07    1.66778e-06    4.83231e-05   -0.000727336
          10.8        120.639      -0.013635       0.000446   -2.27776e-05   -1.22385e-06     4.1861e-06    4.15961e-05   -0.000779567
            11        120.643      -0.013635       0.000445   -1.97367e-05   -1.36329e-05    7.08266e-05   -0.000405905     0.00281248
          11.2        120.645      -0.013636       0.000447   -2.66428e-05    1.84282e-05   -0.000115749    0.000892768    -0.00765755
          11.4        120.645      -0.013636       0.000447   -2.76292e-05    2.62918e-05   -0.000171563     0.00130517     -0.0109424
          11.6        120.646      -0.013636       0.000447   -2.76292e-05    2.62918e-05   -0.000172549     0.00132489      -0.011234
          11.8        120.646      -0.013636       0.000447   -2.76292e-05    2.62918e-05   -0.000172549     0.00132489      -0.011235
            12        120.646      -0.013636       0.000447   -2.76292e-05    2.62918e-05   -0.000172549     0.00132489      -0.011235
          12.2        120.646      -0.013636       0.000446   -2.16292e-05   -8.70816e-06     5.2451e-05   -0.000299114     0.00189703
          12.4        120.646      -0.013636       0.000447   -2.76292e-05    2.62918e-05   -0.000172549     0.00132489      -0.011235
          12.6        120.646      -0.013636       0.000447   -2.76292e-05    2.62918e-05   -0.000172549     0.00132489      -0.011235
          12.8        120.646      -0.013636       0.000447   -2.76292e-05    2.62918e-05   -0.000172549     0.00132489      -0.011235
            13        120.646      -0.013636       0.000447   -2.76292e-05    2.62918e-05   -0.000172549     0.00132489      -0.011235
          13.2        120.646      -0.013636       0.000447   -2.76292e-05    2.62918e-05   -0.000172549     0.00132489      -0.011235
          13.4        120.646      -0.013636       0.000447   -2.76292e-05    2.62918e-05   -0.000172549     0.00132489      -0.011235
          13.6        120.646      -0.013636       0.000447   -2.76292e-05    2.62918e-05   -0.000172549     0.00132489      -0.011235
          13.8        120.646      -0.013636       0.000447   -2.76292e-05    2.62918e-05   -0.000172549     0.00132489      -0.011235
            14        120.646      -0.013636       0.000447   -2.76292e-05    2.62918e-05   -0.000172549     0.00132489      -0.011235
