                  dY                   K1                K2/K1                K3/K1                K4/K2                K5/K1                K6/K2                K7/K1                K8/K2 
                 0.2             0.905613              0.99926              0.99778             0.995563             0.988929             0.977897             0.953779             0.908006 
                 0.4               1.8065             0.998571              0.99572             0.991449             0.978704              0.95756             0.911592             0.824844 
                 0.6              2.69798             0.997974             0.993934             0.987887             0.969885             0.940074             0.875592             0.754497 
                 0.8              3.57551             0.997487             0.992479             0.984984             0.962718             0.925902             0.846593             0.698249 
                   1              4.43472             0.997108             0.991346             0.982728              0.95716             0.914933             0.824256             0.655168 
                 1.2              5.27147             0.996823             0.990494             0.981032              0.95299             0.906712             0.807572             0.623106 
                 1.4              6.08192             0.996612             0.989867             0.979783             0.949922              0.90067              0.79533              0.59963 
                 1.6              6.86259              0.99646             0.989411             0.978875             0.947692             0.896277             0.786441             0.582592 
                 1.8              7.61045              0.99635             0.989083             0.978221             0.946088             0.893115             0.780045              0.57033 
                   2              8.32301             0.996272             0.988851             0.977759             0.944952             0.890878             0.775517             0.561643 
                 2.2              8.99839             0.996218             0.988692             0.977444             0.944175             0.889347             0.772415             0.555681 
                 2.4              9.63537             0.996184             0.988589              0.97724             0.943677             0.888363             0.770419             0.551834 
                 2.6              10.2335             0.996165             0.988533             0.977126             0.943397             0.887809             0.769291              0.54965 
                 2.8              10.7931             0.996159             0.988513             0.977083             0.943292             0.887594              0.76885             0.548777 
                   3              11.3152              0.99616             0.988517             0.977094             0.943316             0.887643             0.768941             0.548929 
                 3.2               11.801             0.996169             0.988544             0.977146             0.943445             0.887892             0.769439             0.549862 
                 3.4              12.2524             0.996183             0.988586             0.977229             0.943646             0.888289             0.770233             0.551364 
                 3.6              12.6714             0.996201             0.988638             0.977331             0.943898             0.888783             0.771228             0.553254 
                 3.8              13.0596             0.996219             0.988695             0.977447             0.944181             0.889337             0.772344             0.555379 
                   4              13.4186              0.99624             0.988756             0.977567             0.944476             0.889918             0.773515             0.557612 
                 4.2              13.7499             0.996261             0.988817             0.977689             0.944773             0.890502             0.774693             0.559859 
                 4.4              14.0543              0.99628             0.988875             0.977806             0.945062              0.89107              0.77584              0.56205 
                 4.6              14.3325             0.996299             0.988931             0.977918             0.945337             0.891612             0.776933              0.56414 
                 4.8              14.5853             0.996316             0.988985             0.978024             0.945595              0.89212              0.77796             0.566103 
                   5              14.8132             0.996333             0.989034             0.978121             0.945834             0.892593             0.778913             0.567927 
                 5.2              15.0169             0.996348             0.989079             0.978211             0.946055             0.893026             0.779792              0.56961 
                 5.4              15.1972             0.996362              0.98912             0.978294             0.946257             0.893426             0.780598             0.571156 
                 5.6              15.3552             0.996375             0.989158             0.978368             0.946441             0.893789             0.781334             0.572566 
                 5.8              15.4923             0.996387             0.989193             0.978437             0.946609             0.894117             0.781998             0.573841 
                   6              15.6102             0.996397             0.989222             0.978497             0.946757             0.894409             0.782589             0.574977 
                 6.2              15.7105             0.996405             0.989248             0.978549             0.946885             0.894664             0.783104             0.575968 
                 6.4              15.7952             0.996413             0.989271             0.978594             0.946995             0.894879             0.783542             0.576808 
                 6.6              15.8664              0.99642              0.98929              0.97863             0.947084             0.895055               0.7839             0.577496 
                 6.8               15.926             0.996424             0.989304             0.978659             0.947155             0.895194              0.78418             0.578036 
                   7              15.9755             0.996426             0.989314             0.978678             0.947204             0.895292             0.784379              0.57842 
                 7.2              16.0159              0.99643             0.989319             0.978691             0.947233             0.895349             0.784496             0.578644 
                 7.4              16.0482              0.99643             0.989321             0.978694             0.947242             0.895368             0.784533             0.578717 
                 7.6               16.073             0.996428              0.98932             0.978692             0.947235             0.895355             0.784507             0.578669 
                 7.8              16.0913             0.996429             0.989317             0.978684             0.947219             0.895321             0.784441             0.578544 
                   8              16.1041             0.996427             0.989311             0.978675             0.947197              0.89528              0.78436             0.578393 
                 8.2              16.1125             0.996425             0.989308             0.978668             0.947178             0.895243             0.784285             0.578253 
                 8.4              16.1177             0.996424             0.989305             0.978662             0.947163             0.895214             0.784228             0.578146 
                 8.6              16.1206             0.996424             0.989303             0.978658             0.947153             0.895194             0.784189             0.578073 
                 8.8              16.1221             0.996423             0.989302             0.978656             0.947147             0.895183             0.784166             0.578031 
                   9              16.1229             0.996423             0.989301             0.978654             0.947144             0.895177             0.784154             0.578009 
                 9.2              16.1232             0.996423             0.989301             0.978654             0.947143             0.895174             0.784148             0.577998 
                 9.4              16.1233             0.996423             0.989301             0.978654             0.947142             0.895173             0.784146             0.577994 
                 9.6              16.1234             0.996423             0.989301             0.978653             0.947142             0.895172             0.784145             0.577992 
                 9.8              16.1234             0.996423             0.989301             0.978653             0.947142             0.895172             0.784145             0.577992 
                  10              16.1234             0.996423             0.989301             0.978653             0.947142             0.895172             0.784145             0.577992 
                10.2              16.1234             0.996423             0.989301             0.978653             0.947142             0.895172             0.784145             0.577992 
                10.4              16.1234             0.996423             0.989301             0.978653             0.947142             0.895172             0.784145             0.577992 
                10.6              16.1234             0.996423             0.989301             0.978653             0.947142             0.895172             0.784145             0.577992 
                10.8              16.1234             0.996423             0.989301             0.978653             0.947142             0.895172             0.784145             0.577992 
                  11              16.1234             0.996423             0.989301             0.978653             0.947142             0.895172             0.784145             0.577992 
                11.2              16.1234             0.996423             0.989301             0.978653             0.947142             0.895172             0.784145             0.577992 
                11.4              16.1234             0.996423             0.989301             0.978653             0.947142             0.895172             0.784145             0.577992 
                11.6              16.1234             0.996423             0.989301             0.978653             0.947142             0.895172             0.784145             0.577992 
                11.8              16.1234             0.996423             0.989301             0.978653             0.947142             0.895172             0.784145             0.577992 
                  12              16.1234             0.996423             0.989301             0.978653             0.947142             0.895172             0.784145             0.577992 
                12.2              16.1234             0.996423             0.989301             0.978653             0.947142             0.895172             0.784145             0.577992 
                12.4              16.1234             0.996423             0.989301             0.978653             0.947142             0.895172             0.784145             0.577992 
                12.6              16.1234             0.996423             0.989301             0.978653             0.947142             0.895172             0.784145             0.577992 
                12.8              16.1234             0.996423             0.989301             0.978653             0.947142             0.895172             0.784145             0.577992 
                  13              16.1234             0.996423             0.989301             0.978653             0.947142             0.895172             0.784145             0.577992 
                13.2              16.1234             0.996423             0.989301             0.978653             0.947142             0.895172             0.784145             0.577992 
                13.4              16.1234             0.996423             0.989301             0.978653             0.947142             0.895172             0.784145             0.577992 
                13.6              16.1234             0.996423             0.989301             0.978653             0.947142             0.895172             0.784145             0.577992 
                13.8              16.1234             0.996423             0.989301             0.978653             0.947142             0.895172             0.784145             0.577992 
                  14              16.1234             0.996423             0.989301             0.978653             0.947142             0.895172             0.784145             0.577992 
