                  dY                  C~1              C~2/C~1              C~3/C~1              C~4/C~1              C~5/C~1              C~6/C~1              C~7/C~1              C~8/C~1 
                 0.2              2.04881          -0.00183164          9.52262e-06         -1.56677e-06          6.08159e-06         -3.55426e-05          0.000261913          -0.00225829 
                 0.4              4.08718          -0.00350312          3.41703e-05         -6.48124e-06          2.72951e-05         -0.000150957           0.00098288          -0.00737091 
                 0.6              6.10482          -0.00490606          6.33925e-05         -1.47425e-07          -7.2238e-06          4.51447e-05         -0.000311523           0.00239539 
                 0.8              8.09167          -0.00600666          9.48135e-05         -3.84346e-06           9.6519e-06         -6.86261e-05          0.000527616          -0.00443313 
                   1              10.0381           -0.0068291          0.000121995         -5.51898e-06          7.56121e-06         -3.55247e-05           0.00019968          -0.00128297 
                 1.2              11.9349          -0.00742599          0.000142708         -6.43491e-06          9.39262e-06         -5.41018e-05          0.000366966          -0.00281873 
                 1.4              13.7736          -0.00785326          0.000156887         -3.25986e-06         -6.57053e-06          2.61805e-05         -0.000106268          0.000375836 
                 1.6              15.5465          -0.00815833          0.000168122         -3.45415e-06         -1.12566e-05          6.65809e-05         -0.000447728           0.00344487 
                 1.8              17.2466          -0.00837381          0.000176336         -6.08814e-06          1.07267e-06         -1.04368e-05           0.00010362          -0.00101349 
                   2              18.8682          -0.00852293           0.00018138         -6.46062e-06          4.74874e-06         -4.45725e-05          0.000402143          -0.00374587 
                 2.2              20.4063          -0.00862265          0.000184688         -4.53781e-06         -1.09868e-05          7.05321e-05         -0.000502918            0.0040647 
                 2.4              21.8576          -0.00868368          0.000188278          -1.3071e-05           3.4496e-05         -0.000210595           0.00148896            -0.011927 
                 2.6              23.2203          -0.00871402          0.000186264         -8.22557e-07         -2.88928e-05          0.000173861          -0.00120524           0.00954259 
                 2.8               24.494          -0.00872227          0.000188402          -9.9249e-06          1.75798e-05         -0.000108292          0.000783046          -0.00641497 
                   3              25.6799          -0.00871192          0.000188031         -9.64179e-06          1.06309e-05         -4.13553e-05          0.000180055         -0.000747976 
                 3.2              26.7805          -0.00868663          0.000184884         -3.75273e-06         -1.15382e-05          6.11153e-05         -0.000374149           0.00265699 
                 3.4              27.7994           -0.0086527          0.000184155         -6.07208e-06         -1.85256e-06          1.18564e-05         -6.91418e-05          0.000416215 
                 3.6              28.7401          -0.00861242          0.000184474         -1.38761e-05          3.45719e-05         -0.000185741           0.00116934          -0.00841042 
                 3.8              29.6064          -0.00856742          0.000181282         -8.34279e-06          1.04504e-05         -6.33647e-05           0.00046796          -0.00396056 
                   4              30.4015          -0.00852164          0.000180415         -1.11409e-05          2.11009e-05         -0.000108057          0.000665795          -0.00475302 
                 4.2              31.1282          -0.00847416          0.000174964            1.693e-06         -3.56012e-05          0.000201759          -0.00134606            0.0103882 
                 4.4              31.7884          -0.00843061          0.000176058         -7.38004e-06          3.60823e-06         -5.89522e-06         -3.47327e-05          0.000762631 
                 4.6              32.3841          -0.00838739          0.000172881         -2.01334e-06         -1.76352e-05          9.49139e-05         -0.000586677           0.00416537 
                 4.8              32.9168          -0.00834786          0.000173769         -1.15139e-05          2.85326e-05         -0.000169525           0.00117998          -0.00936571 
                   5              33.3883          -0.00831039          0.000171982         -9.64408e-06          2.00819e-05         -0.000123762          0.000894872          -0.00735006 
                 5.2              33.8012          -0.00827575          0.000170716          -9.8251e-06          2.15791e-05         -0.000130717          0.000919376           -0.0073322 
                 5.4              34.1583          -0.00824337          0.000167502         -1.67748e-06         -1.77468e-05          0.000100582         -0.000677258           0.00530915 
                 5.6              34.4636          -0.00821534          0.000168482         -8.93407e-06          1.64434e-05         -9.23468e-05          0.000597306          -0.00434635 
                 5.8              34.7213          -0.00818866          0.000164455          3.17097e-06           -3.857e-05          0.000205289          -0.00127864           0.00918867 
                   6              34.9363          -0.00816722          0.000167419         -9.28546e-06          1.33929e-05         -5.56612e-05          0.000263777          -0.00132181 
                 6.2              35.1139          -0.00814728          0.000165575         -5.27141e-06         -6.17988e-07         -4.48824e-06          0.000102384          -0.00135256 
                 6.4              35.2593          -0.00813084          0.000165951         -8.22762e-06          9.36774e-06          -3.6623e-05           0.00016046         -0.000701184 
                 6.6              35.3776          -0.00811754          0.000166722          -1.3045e-05          3.36061e-05         -0.000181889            0.0011714           -0.0087079 
                 6.8              35.4735          -0.00810618          0.000164526         -5.06294e-06         -6.94603e-06          6.13444e-05         -0.000516916           0.00462669 
                   7              35.5508          -0.00809737          0.000163186         -1.30518e-06         -2.42583e-05           0.00015976           -0.0011771           0.00971742 
                 7.2              35.6122          -0.00809138          0.000163188         -3.20396e-06         -1.15298e-05          7.29975e-05         -0.000533997           0.00447002 
                 7.4              35.6599          -0.00808845          0.000164605         -8.04826e-06          8.82224e-06          -3.3455e-05          0.000132973         -0.000401808 
                 7.6              35.6956          -0.00808591           0.00016286         -2.79026e-06         -1.17297e-05          6.33355e-05         -0.000398943           0.00292188 
                 7.8              35.7212          -0.00808493          0.000162172         -1.37453e-06         -1.50947e-05          6.92473e-05         -0.000371507           0.00230141 
                   8              35.7387          -0.00808598          0.000164866         -1.09657e-05          2.73429e-05         -0.000157988            0.0010634          -0.00815877 
                 8.2              35.7498          -0.00808582          0.000163203         -5.53849e-06          6.41681e-06         -6.40758e-05          0.000589614          -0.00558547 
                 8.4              35.7565          -0.00808609          0.000162122          1.48225e-07         -2.55031e-05          0.000139516         -0.000886381           0.00647121 
                 8.6              35.7602          -0.00808742           0.00016423         -5.93117e-06         -2.03858e-06           2.4709e-05         -0.000200063           0.00159957 
                 8.8              35.7621           -0.0080872          0.000163699         -5.42474e-06          -9.7869e-08         -1.56311e-06          3.92119e-05         -0.000542342 
                   9              35.7629          -0.00808639          0.000161651          8.33265e-07         -2.45813e-05          0.000115578         -0.000622947           0.00376786 
                 9.2              35.7633          -0.00808672          0.000162519         -2.36276e-06         -1.02815e-05          3.95797e-05         -0.000153831          0.000467789 
                 9.4              35.7634          -0.00808661          0.000162241         -1.22751e-06         -1.66846e-05          8.29562e-05         -0.000489877           0.00338356 
                 9.6              35.7635          -0.00808673          0.000162574         -2.44943e-06         -1.08742e-05          4.90249e-05         -0.000255523            0.0015194 
                 9.8              35.7635          -0.00808668          0.000162294         -1.16879e-06         -1.76493e-05          9.06091e-05         -0.000548229           0.00385161 
                  10              35.7635          -0.00808662          0.000162179         -8.72398e-07          -1.8558e-05          9.35758e-05         -0.000556117           0.00383689 
                10.2              35.7635          -0.00808659          0.000162095         -5.39656e-07         -2.02105e-05          0.000103421         -0.000624486             0.004379 
                10.4              35.7635          -0.00808659          0.000162095          -5.3686e-07         -2.02385e-05          0.000103659         -0.000626541           0.00439793 
                10.6              35.7635          -0.00808659          0.000162095          -5.3686e-07         -2.02385e-05          0.000103659         -0.000626541           0.00439793 
                10.8              35.7635          -0.00808659          0.000162095          -5.3686e-07         -2.02385e-05          0.000103659         -0.000626541           0.00439793 
                  11              35.7635          -0.00808659          0.000162095          -5.3686e-07         -2.02385e-05          0.000103659         -0.000626541           0.00439793 
                11.2              35.7635          -0.00808659          0.000162095          -5.3686e-07         -2.02385e-05          0.000103659         -0.000626541           0.00439793 
                11.4              35.7635          -0.00808659          0.000162095          -5.3686e-07         -2.02385e-05          0.000103659         -0.000626541           0.00439793 
                11.6              35.7635          -0.00808659          0.000162095          -5.3686e-07         -2.02385e-05          0.000103659         -0.000626541           0.00439793 
                11.8              35.7635          -0.00808659          0.000162095          -5.3686e-07         -2.02385e-05          0.000103659         -0.000626541           0.00439793 
                  12              35.7635          -0.00808659          0.000162095          -5.3686e-07         -2.02385e-05          0.000103659         -0.000626541           0.00439793 
                12.2              35.7635          -0.00808659          0.000162095          -5.3686e-07         -2.02385e-05          0.000103659         -0.000626541           0.00439793 
                12.4              35.7635          -0.00808659          0.000162095          -5.3686e-07         -2.02385e-05          0.000103659         -0.000626541           0.00439793 
                12.6              35.7635          -0.00808659          0.000162095          -5.3686e-07         -2.02385e-05          0.000103659         -0.000626541           0.00439793 
                12.8              35.7635          -0.00808659          0.000162095          -5.3686e-07         -2.02385e-05          0.000103659         -0.000626541           0.00439793 
                  13              35.7635          -0.00808659          0.000162095          -5.3686e-07         -2.02385e-05          0.000103659         -0.000626541           0.00439793 
                13.2              35.7635          -0.00808659          0.000162095          -5.3686e-07         -2.02385e-05          0.000103659         -0.000626541           0.00439793 
                13.4              35.7635          -0.00808659          0.000162095          -5.3686e-07         -2.02385e-05          0.000103659         -0.000626541           0.00439793 
                13.6              35.7635          -0.00808659          0.000162095          -5.3686e-07         -2.02385e-05          0.000103659         -0.000626541           0.00439793 
                13.8              35.7635          -0.00808659          0.000162095          -5.3686e-07         -2.02385e-05          0.000103659         -0.000626541           0.00439793 
                  14              35.7635          -0.00808659          0.000162095          -5.3686e-07         -2.02385e-05          0.000103659         -0.000626541           0.00439793 
