            dY            C~1        C~2/C~1        C~3/C~1        C~4/C~1        C~5/C~1        C~6/C~1        C~7/C~1        C~8/C~1
           0.2        4.13562      -0.002515        1.8e-05   -5.21212e-06    2.41213e-05   -0.000137591    0.000913683    -0.00693945
           0.4        8.26333      -0.004794        5.8e-05    7.84473e-06   -3.84473e-05    0.000194834    -0.00115756     0.00790881
           0.6        12.3751      -0.006689       0.000117   -3.44001e-06    8.40011e-06   -9.07216e-05    0.000869143    -0.00849342
           0.8        16.4629      -0.008158       0.000172   -2.86255e-06   -6.37454e-06   -5.26968e-06     0.00028199    -0.00381344
             1        20.5185       -0.00925       0.000221   -9.12675e-06     1.2675e-06   -1.26075e-06   -9.61175e-06    0.000172017
           1.2        24.5335      -0.010046       0.000259   -1.59306e-05    2.43064e-05   -0.000134096     0.00088084    -0.00662576
           1.4        28.4997      -0.010627       0.000287   -1.94108e-05     3.4108e-05   -0.000189881     0.00123115    -0.00900523
           1.6        32.4086      -0.011056       0.000306   -1.37618e-05     1.6184e-06   -1.27212e-05    0.000122212    -0.00110178
           1.8        36.2519      -0.011377       0.000322   -1.84668e-05    2.26678e-05   -0.000142861     0.00103897    -0.00840625
             2        40.0212      -0.011619       0.000332   -1.17499e-05   -1.75007e-05    0.000106457   -0.000727026     0.00574036
           2.2        43.7082      -0.011802       0.000341   -1.25808e-05    -2.1192e-05    0.000147426    -0.00108479     0.00887174
           2.4        47.3041      -0.011939       0.000349   -2.24586e-05    3.25858e-05   -0.000194569     0.00137143     -0.0109151
           2.6        50.8003      -0.012039       0.000352   -1.63153e-05   -2.84727e-06    3.03428e-05   -0.000249236     0.00222664
           2.8        54.1882       -0.01211       0.000354   -1.31765e-05   -1.82354e-05    0.000117355   -0.000829738     0.00669877
             3        57.4595      -0.012157       0.000356   -1.74039e-05    1.00388e-05   -7.92458e-05    0.000665083    -0.00587275
           3.2        60.6068      -0.012185       0.000357   -1.63859e-05     -2.141e-06    1.93319e-05   -0.000138166     0.00115099
           3.4        63.6239      -0.012196       0.000357   -1.67661e-05   -1.33888e-06    2.09952e-05   -0.000184317     0.00171921
           3.6        66.5063      -0.012193       0.000356   -1.51526e-05    -1.0474e-05    7.68221e-05   -0.000557493     0.00447023
           3.8        69.2515      -0.012178       0.000355   -1.82421e-05    1.04208e-05   -6.69844e-05    0.000533486    -0.00471166
             4        71.8581      -0.012153       0.000352   -1.47271e-05   -1.72876e-06   -1.29214e-05    0.000239869    -0.00279236
           4.2        74.3262      -0.012122       0.000352   -2.01921e-05    1.59215e-05   -7.36122e-05    0.000430102    -0.00289681
           4.4        76.6562      -0.012084        0.00035   -2.35437e-05    3.84372e-05   -0.000223839      0.0015337     -0.0119016
           4.6        78.8489      -0.012042       0.000346     -1.644e-05    2.39984e-06   -8.94432e-06    6.88476e-05   -0.000611857
           4.8        80.9049      -0.011998       0.000344   -1.76496e-05    6.49582e-06   -2.21626e-05    0.000100353   -0.000466617
             5        82.8245      -0.011952       0.000341   -1.60852e-05     -1.148e-06    2.93637e-05   -0.000298097     0.00297553
           5.2        84.6078      -0.011906       0.000339   -1.85202e-05    1.32016e-05   -6.31361e-05    0.000383692    -0.00269294
           5.4        86.2548       -0.01186       0.000336   -1.59186e-05       1.86e-07    1.56016e-05   -0.000160163      0.0015579
           5.6         87.766      -0.011815       0.000334   -1.71755e-05    4.75495e-06    4.02235e-06   -0.000183739     0.00249858
           5.8         89.142      -0.011771       0.000331   -1.42451e-05   -7.54912e-06    6.61272e-05   -0.000539014     0.00475319
             6        90.3849      -0.011728       0.000327    -7.1292e-06    -4.0708e-05    0.000255825    -0.00181498       0.014636
           6.2        91.4978      -0.011688       0.000328   -2.06799e-05    3.07994e-05   -0.000180589     0.00125343    -0.00987258
           6.4        92.4856      -0.011649       0.000325   -1.40264e-05   -7.73591e-06    6.92609e-05   -0.000563208     0.00491016
           6.6        93.3548      -0.011612       0.000324   -1.90787e-05    2.47868e-05   -0.000152598     0.00111593    -0.00921569
           6.8        94.1138      -0.011577       0.000322    -1.6851e-05    1.25097e-05   -7.33714e-05    0.000536276    -0.00444208
             7        94.7725      -0.011544        0.00032   -1.53226e-05    9.22576e-06   -7.52654e-05    0.000678868    -0.00645935
           7.2        95.3418      -0.011513       0.000318    -1.2519e-05   -6.81045e-06    3.75683e-05   -0.000223838     0.00158829
           7.4        95.8333      -0.011485       0.000318     -1.734e-05    1.83997e-05   -0.000119013    0.000906308    -0.00768492
           7.6        96.2588      -0.011459       0.000317   -1.68674e-05     1.2674e-05   -6.52588e-05    0.000413661    -0.00296034
           7.8        96.6298      -0.011435       0.000316   -1.80918e-05    2.29176e-05   -0.000142347     0.00103595    -0.00847513
             8         96.957      -0.011414       0.000316   -2.09475e-05    3.54751e-05    -0.00020841     0.00144373     -0.0113613
           8.2        97.2509      -0.011394       0.000312   -6.58259e-06   -3.91741e-05    0.000246299    -0.00174799      0.0140806
           8.4        97.5221      -0.011377       0.000313   -1.48865e-05    6.86549e-06    -4.6282e-05    0.000378045    -0.00337968
           8.6        97.7769      -0.011362       0.000313   -1.59279e-05    7.27936e-06   -2.82914e-05    0.000150787   -0.000972712
           8.8        98.0142      -0.011349       0.000311    -9.6397e-06    -2.5603e-05    0.000178226    -0.00135743      0.0115637
             9        98.2292      -0.011341       0.000314   -2.47654e-05    5.66541e-05   -0.000346728     0.00248861      -0.020263
           9.2        98.4159      -0.011335       0.000312   -1.95071e-05    3.50714e-05   -0.000235183     0.00179534     -0.0152296
           9.4        98.5695      -0.011334       0.000313   -2.16874e-05     3.7874e-05   -0.000217263     0.00149076     -0.0117072
           9.6        98.6879      -0.011334       0.000312   -2.06307e-05    4.13073e-05   -0.000272163     0.00204015       -0.01704
           9.8        98.7732      -0.011336       0.000311   -1.33722e-05   -3.27792e-06    2.20565e-05   -0.000116005    0.000557498
            10        98.8301      -0.011338       0.000311   -1.31023e-05   -5.97692e-06    5.02661e-05   -0.000408011     0.00366137
          10.2        98.8651      -0.011339        0.00031    -1.0922e-05   -9.78016e-06    4.24092e-05   -0.000193676    0.000976487
          10.4        98.8849      -0.011341       0.000312     -1.672e-05    1.22005e-05   -5.94528e-05    0.000365457    -0.00257569
          10.6        98.8951      -0.011341        0.00031   -8.67469e-06   -2.62531e-05    0.000158585     -0.0010747     0.00831844
          10.8        98.8999      -0.011342       0.000312   -1.55964e-05     2.9639e-06    1.26472e-05     -0.0002328      0.0028291
            11        98.9019      -0.011342       0.000312    -1.6585e-05    1.18505e-05   -6.03434e-05    0.000394911    -0.00299238
          11.2        98.9026      -0.011342       0.000312   -1.75737e-05    2.07371e-05   -0.000130368    0.000965336     -0.0079919
          11.4        98.9029      -0.011342       0.000312   -1.75737e-05    2.07371e-05   -0.000131357    0.000985098    -0.00828422
          11.6         98.903      -0.011342       0.000312   -1.75737e-05    2.07371e-05   -0.000131357    0.000985098    -0.00828422
          11.8         98.903      -0.011342       0.000312   -1.75737e-05    2.07371e-05   -0.000131357    0.000985098    -0.00828422
            12         98.903      -0.011342       0.000312   -1.75737e-05    2.07371e-05   -0.000131357    0.000984098    -0.00825622
          12.2         98.903      -0.011342       0.000312   -1.75737e-05    2.07371e-05   -0.000131357    0.000984098    -0.00825622
          12.4         98.903      -0.011342       0.000312   -1.75737e-05    2.07371e-05   -0.000131357    0.000984098    -0.00825622
          12.6         98.903      -0.011342       0.000312   -1.75737e-05    2.07371e-05   -0.000131357    0.000984098    -0.00825622
          12.8         98.903      -0.011342       0.000312   -1.75737e-05    2.07371e-05   -0.000131357    0.000984098    -0.00825622
            13         98.903      -0.011342       0.000312   -1.75737e-05    2.07371e-05   -0.000131357    0.000984098    -0.00825622
          13.2         98.903      -0.011342       0.000312   -1.75737e-05    2.07371e-05   -0.000131357    0.000984098    -0.00825622
          13.4         98.903      -0.011342       0.000312   -1.75737e-05    2.07371e-05   -0.000131357    0.000984098    -0.00825622
          13.6         98.903      -0.011342       0.000312   -1.75737e-05    2.07371e-05   -0.000131357    0.000984098    -0.00825622
          13.8         98.903      -0.011342       0.000312   -1.75737e-05    2.07371e-05   -0.000131357    0.000984098    -0.00825622
            14         98.903      -0.011342       0.000312   -1.75737e-05    2.07371e-05   -0.000131357    0.000984098    -0.00825622
