            dY            C~1        C~2/C~1        C~3/C~1        C~4/C~1        C~5/C~1        C~6/C~1        C~7/C~1        C~8/C~1
           0.2        1.10264      -0.001163          2e-06    6.10378e-06   -3.00378e-05    0.000176094      -0.001201     0.00934895
           0.4        2.18358      -0.002234        1.4e-05   -2.17163e-06    4.71632e-06    -5.1827e-06   -7.83769e-05     0.00128423
           0.6        3.22267      -0.003142        2.5e-05     9.4392e-07      5.608e-07   -3.28765e-05    0.000382522    -0.00399574
           0.8        4.20256      -0.003861        3.7e-05    4.91111e-06   -2.01111e-05    8.60885e-05   -0.000416196     0.00215935
             1        5.10982      -0.004397        4.9e-05    6.18821e-06   -4.18821e-05     0.00027388    -0.00201785      0.0166796
           1.2        5.93554      -0.004774        5.9e-05   -2.28473e-06    7.84728e-06   -5.62438e-05    0.000441156    -0.00383475
           1.4        6.67543      -0.005026        6.5e-05   -6.37158e-07   -3.62842e-06    1.53459e-05   -4.62795e-05   -0.000150381
           1.6        7.32953      -0.005184        7.1e-05    -1.0084e-05    4.48397e-05   -0.000274677     0.00193405     -0.0154118
           1.8        7.90144      -0.005272          7e-05    4.39846e-06   -3.19846e-05    0.000197698    -0.00139927      0.0112151
             2        8.39743      -0.005312          7e-05    8.91763e-06   -5.71763e-05    0.000362942    -0.00264226      0.0217414
           2.2        8.82549       -0.00532        7.3e-05   -2.60604e-06     4.0604e-06   -2.63185e-05    0.000219347    -0.00209581
           2.4        9.19453      -0.005304        7.1e-05    3.40485e-06   -2.40485e-05     0.00013782   -0.000923131     0.00709791
           2.6        9.51382      -0.005275        7.2e-05   -1.44412e-06   -4.55875e-06    4.07261e-05   -0.000344578     0.00308377
           2.8        9.79254      -0.005236        7.2e-05   -6.87766e-06    2.87766e-05   -0.000179881     0.00128496      -0.010365
             3        10.0396      -0.005192          7e-05    3.91264e-07   -1.49126e-05    0.000106781   -0.000815578     0.00683003
           3.2        10.2632      -0.005145        6.7e-05    6.53476e-06   -3.93476e-05    0.000232162    -0.00160791      0.0127871
           3.4        10.4708      -0.005102          7e-05   -6.13899e-06    1.33899e-05    -3.7994e-05    4.79301e-05    0.000932847
           3.6        10.6686      -0.005061        6.6e-05    2.43732e-06   -1.63732e-05    8.92666e-05   -0.000597413     0.00471275
           3.8        10.8615      -0.005031        6.5e-05     4.6382e-06    -2.8382e-05    0.000162641    -0.00110735     0.00872637
             4        11.0533      -0.005014        6.5e-05    2.62277e-06   -1.52277e-05    6.84098e-05   -0.000357694      0.0021176
           4.2        11.2475      -0.005013        6.6e-05   -4.52184e-07   -1.47816e-06   -7.36256e-06    0.000135821    -0.00158279
           4.4        11.4472      -0.005029        6.7e-05    -1.5122e-06    1.12204e-06   -8.00314e-06    4.62518e-05   -0.000208164
           4.6        11.6514      -0.005066        7.1e-05   -1.03462e-05    3.94622e-05   -0.000219586     0.00145777     -0.0112279
           4.8        11.8528      -0.005125        7.2e-05   -6.78488e-06    2.28488e-05   -0.000122928    0.000778369     -0.0056761
             5        12.0423      -0.005209        7.5e-05   -5.67206e-06    1.47206e-05   -7.20457e-05    0.000435295    -0.00313567
           5.2        12.2105      -0.005311        7.8e-05   -5.32642e-06    2.22642e-05   -0.000155612     0.00118911     -0.0100145
           5.4        12.3508      -0.005422        8.3e-05   -5.33569e-06    1.53569e-05   -8.93843e-05    0.000595593    -0.00446129
           5.6        12.4602      -0.005528          9e-05   -1.35545e-05    5.15446e-05   -0.000290083     0.00191356     -0.0144789
           5.8        12.5396      -0.005617        9.4e-05   -1.07517e-05    3.25169e-05   -0.000165686     0.00101413    -0.00724056
             6        12.5932      -0.005683        9.5e-05   -1.36356e-06   -1.53644e-05    0.000123779    -0.00103309       0.009306
           6.2        12.6266      -0.005729         0.0001   -1.23229e-05    4.12285e-05   -0.000226626     0.00146715        -0.0109
           6.4        12.6457      -0.005756         0.0001   -6.49592e-06    1.39592e-05   -7.88676e-05    0.000540507    -0.00428475
           6.6        12.6558      -0.005771       0.000101   -7.48752e-06    1.88752e-05    -0.00010647    0.000712974    -0.00548926
           6.8        12.6607      -0.005779       0.000103   -1.39652e-05    5.26523e-05   -0.000317666      0.0022395     -0.0179977
             7        12.6628      -0.005782       0.000102   -7.75835e-06    1.55835e-05   -6.80991e-05    0.000349817    -0.00201665
           7.2        12.6636      -0.005783       0.000102   -8.68358e-06    2.18358e-05   -0.000104388    0.000562378    -0.00328156
           7.4        12.6639      -0.005784       0.000103   -1.16319e-05    3.53194e-05   -0.000186763     0.00117648    -0.00858344
           7.6         12.664      -0.005784       0.000103   -1.26262e-05    4.32615e-05   -0.000244254     0.00161287     -0.0121686
           7.8         12.664      -0.005784       0.000102   -6.62615e-06    8.26152e-06   -2.12421e-05    2.86253e-05    0.000376101
             8         12.664      -0.005784       0.000102   -6.62615e-06    8.26152e-06   -2.12421e-05    2.86253e-05    0.000375107
           8.2         12.664      -0.005784       0.000102   -6.62615e-06    7.26152e-06   -6.24214e-06   -0.000147375     0.00236311
           8.4         12.664      -0.005784       0.000102   -6.62615e-06    7.26152e-06   -6.24214e-06   -0.000147375     0.00236311
           8.6         12.664      -0.005784       0.000102   -6.62615e-06    7.26152e-06   -6.24214e-06   -0.000147375     0.00236311
           8.8         12.664      -0.005784       0.000102   -6.62615e-06    7.26152e-06   -6.24214e-06   -0.000147375     0.00236311
             9         12.664      -0.005784       0.000102   -6.62615e-06    7.26152e-06   -6.24214e-06   -0.000147375     0.00236311
           9.2         12.664      -0.005784       0.000102   -6.62615e-06    7.26152e-06   -6.24214e-06   -0.000147375     0.00236311
           9.4         12.664      -0.005784       0.000102   -6.62615e-06    7.26152e-06   -6.24214e-06   -0.000147375     0.00236311
           9.6         12.664      -0.005784       0.000102   -6.62615e-06    7.26152e-06   -6.24214e-06   -0.000147375     0.00236311
           9.8         12.664      -0.005784       0.000102   -6.62615e-06    7.26152e-06   -6.24214e-06   -0.000147375     0.00236311
            10         12.664      -0.005784       0.000102   -6.62615e-06    7.26152e-06   -6.24214e-06   -0.000147375     0.00236311
