                  dY                   K1                K2/K1                K3/K1                K4/K2                K5/K1                K6/K2                K7/K1                K8/K2 
                 0.2              5.47252              2.78117             0.964238             0.958406             0.827099             0.800085             0.329364             0.235436 
                 0.4              11.0199              2.74645             0.932123             0.921118              0.68186             0.634442              -0.1442            -0.278493 
                 0.6              16.7165              2.70413             0.905523             0.890023             0.568648               0.5059            -0.452878            -0.597818 
                 0.8              22.6353              2.65549             0.884826             0.865422             0.484856             0.410029            -0.646268            -0.789908 
                   1              28.8464              2.60142             0.869329             0.846469             0.424342             0.339282            -0.768289            -0.907977 
                 1.2              35.4159              2.54269             0.857839             0.831848             0.380476             0.286211            -0.849023            -0.985369 
                 1.4              42.4032              2.48016              0.84916              0.82027             0.347749             0.244919            -0.906271             -1.04019 
                 1.6              49.8588              2.41484              0.84233             0.810704             0.322161             0.211241            -0.949848             -1.08156 
                 1.8              57.8213              2.34789             0.836656             0.802403             0.301008             0.182402            -0.985105               -1.114 
                   2              66.3149              2.28048             0.831665             0.794856             0.282533             0.156602             -1.01498             -1.13977 
                 2.2              75.3477               2.2137              0.82705             0.787722             0.265619             0.132695             -1.04104             -1.15999 
                 2.4                84.91              2.14853             0.822618             0.780783             0.249595             0.109978             -1.06411             -1.17512 
                 2.6               94.975              2.08577             0.818253             0.773907             0.234077            0.0880448             -1.08453             -1.18537 
                 2.8              105.499              2.02603               0.8139             0.767019              0.21888            0.0666921             -1.10242             -1.19081 
                   3              116.427              1.96973             0.809535              0.76009             0.203944            0.0458455             -1.11778             -1.19155 
                 3.2              127.688              1.91713             0.805158             0.753122             0.189288            0.0255116             -1.13062             -1.18778 
                 3.4               139.21              1.86832             0.800794             0.746134             0.174972           0.00574042             -1.14096             -1.17983 
                 3.6              150.911              1.82328             0.796465              0.73916             0.161078           -0.0134007              -1.1489             -1.16816 
                 3.8              162.715              1.78187             0.792206              0.73224             0.147689           -0.0318483             -1.15463             -1.15333 
                   4              174.545              1.74388             0.788046             0.725412             0.134873           -0.0495587             -1.15839             -1.13599 
                 4.2              186.333              1.70905             0.784015             0.718709             0.122675           -0.0665162             -1.16048             -1.11676 
                 4.4              198.024              1.67707             0.780126             0.712153             0.111109           -0.0827384              -1.1612             -1.09621 
                 4.6              209.573              1.64763             0.776386             0.705749             0.100141           -0.0982855             -1.16087             -1.07482 
                 4.8              220.945              1.62041              0.77277             0.699477            0.0896739            -0.113268             -1.15978             -1.05286 
                   5              232.117              1.59513             0.769239             0.693287            0.0795522            -0.127821             -1.15811             -1.03035 
                 5.2              243.064              1.57156              0.76572             0.687114            0.0695837            -0.142083             -1.15596              -1.0072 
                 5.4              253.756               1.5495             0.762121              0.68087            0.0595167            -0.156225             -1.15343            -0.983057 
                 5.6              264.136              1.52885             0.758339             0.674459            0.0491088            -0.170308             -1.15011            -0.956769 
                 5.8              274.124              1.50961             0.754313              0.66786            0.0383328            -0.184147             -1.14527            -0.927536 
                   6              283.638              1.49178             0.750044             0.661104            0.0272852            -0.197513             -1.13847            -0.895007 
                 6.2              292.614              1.47533             0.745544             0.654235             0.016118            -0.210106             -1.12911            -0.859104 
                 6.4              301.001              1.46022             0.740826             0.647314           0.00502909            -0.221647             -1.11704              -0.8207 
                 6.6              308.736              1.44646             0.735928             0.640416          -0.00582152             -0.23193             -1.10227             -0.78026 
                 6.8               315.76              1.43405              0.73093             0.633677           -0.0160916            -0.240543              -1.0845            -0.738766 
                   7              321.974              1.42311             0.725971             0.627281           -0.0254754            -0.247357             -1.06508            -0.699574 
                 7.2              327.268              1.41374             0.721199             0.621387           -0.0338833            -0.252627             -1.04577            -0.664381 
                 7.4              331.576              1.40604             0.716803             0.616165           -0.0411526            -0.256402             -1.02704            -0.632926 
                 7.6              334.904              1.39998             0.712977             0.611793           -0.0470046            -0.258623             -1.00939            -0.606587 
                 7.8              337.327              1.39548             0.709882             0.608398           -0.0512882            -0.259533            -0.994234            -0.587331 
                   8              338.983              1.39235             0.707581             0.605973           -0.0541363            -0.259647            -0.982712            -0.575165 
                 8.2              340.036              1.39032             0.706019             0.604387           -0.0558743            -0.259447            -0.974944            -0.568336 
                 8.4              340.658              1.38911             0.705057             0.603437           -0.0568578            -0.259212            -0.970237            -0.564814 
                 8.6              340.997              1.38845             0.704519             0.602915           -0.0573758            -0.259045             -0.96765            -0.563101 
                 8.8              341.166              1.38812             0.704246             0.602655           -0.0576291            -0.258951            -0.966359            -0.562311 
                   9              341.243              1.38797             0.704122             0.602536           -0.0577432            -0.258907            -0.965774            -0.561967 
                 9.2              341.275              1.38791             0.704071             0.602487           -0.0577901            -0.258889            -0.965535            -0.561828 
                 9.4              341.286              1.38789             0.704052             0.602469           -0.0578075            -0.258883            -0.965448            -0.561777 
                 9.6               341.29              1.38788             0.704046             0.602463           -0.0578133            -0.258881            -0.965419            -0.561761 
                 9.8              341.291              1.38788             0.704044             0.602462            -0.057815             -0.25888            -0.965411            -0.561756 
                  10              341.292              1.38788             0.704044             0.602461           -0.0578154             -0.25888            -0.965409            -0.561754 
                10.2              341.292              1.38788             0.704044             0.602461           -0.0578155             -0.25888            -0.965409            -0.561754 
                10.4              341.292              1.38788             0.704044             0.602461           -0.0578155             -0.25888            -0.965409            -0.561754 
                10.6              341.292              1.38788             0.704044             0.602461           -0.0578155             -0.25888            -0.965409            -0.561754 
                10.8              341.292              1.38788             0.704044             0.602461           -0.0578155             -0.25888            -0.965409            -0.561754 
                  11              341.292              1.38788             0.704044             0.602461           -0.0578155             -0.25888            -0.965409            -0.561754 
                11.2              341.292              1.38788             0.704044             0.602461           -0.0578155             -0.25888            -0.965409            -0.561754 
                11.4              341.292              1.38788             0.704044             0.602461           -0.0578155             -0.25888            -0.965409            -0.561754 
                11.6              341.292              1.38788             0.704044             0.602461           -0.0578155             -0.25888            -0.965409            -0.561754 
                11.8              341.292              1.38788             0.704044             0.602461           -0.0578155             -0.25888            -0.965409            -0.561754 
                  12              341.292              1.38788             0.704044             0.602461           -0.0578155             -0.25888            -0.965409            -0.561754 
                12.2              341.292              1.38788             0.704044             0.602461           -0.0578155             -0.25888            -0.965409            -0.561754 
                12.4              341.292              1.38788             0.704044             0.602461           -0.0578155             -0.25888            -0.965409            -0.561754 
                12.6              341.292              1.38788             0.704044             0.602461           -0.0578155             -0.25888            -0.965409            -0.561754 
                12.8              341.292              1.38788             0.704044             0.602461           -0.0578155             -0.25888            -0.965409            -0.561754 
                  13              341.292              1.38788             0.704044             0.602461           -0.0578155             -0.25888            -0.965409            -0.561754 
                13.2              341.292              1.38788             0.704044             0.602461           -0.0578155             -0.25888            -0.965409            -0.561754 
                13.4              341.292              1.38788             0.704044             0.602461           -0.0578155             -0.25888            -0.965409            -0.561754 
                13.6              341.292              1.38788             0.704044             0.602461           -0.0578155             -0.25888            -0.965409            -0.561754 
                13.8              341.292              1.38788             0.704044             0.602461           -0.0578155             -0.25888            -0.965409            -0.561754 
                  14              341.292              1.38788             0.704044             0.602461           -0.0578155             -0.25888            -0.965409            -0.561754 
