                  dY                   K1                K2/K1                K3/K1                K4/K2                K5/K1                K6/K2                K7/K1                K8/K2 
                 0.2               5.8378              2.03598             0.969714             0.961495             0.852981             0.814597             0.424166             0.287819 
                 0.4              11.7723               2.0105             0.942516             0.926959             0.728445             0.660302           0.00394794            -0.198751 
                 0.6              17.8981              1.97886              0.92001             0.898113             0.630668             0.539878            -0.280539            -0.508021 
                 0.8              24.3046              1.94227             0.902486             0.875157              0.55768              0.44914            -0.466742            -0.700404 
                   1              31.0736              1.90175             0.889249             0.857198             0.504171             0.380853             -0.59022            -0.824367 
                 1.2              38.2754              1.85823             0.879195             0.842911             0.464274             0.327867            -0.676479            -0.910399 
                 1.4              45.9649              1.81271             0.871257             0.831034             0.433115             0.284574            -0.741139            -0.974906 
                 1.6              54.1789              1.76619             0.864596             0.820588             0.407221              0.24711            -0.792964             -1.02589 
                 1.8              62.9325               1.7197             0.858642             0.810895             0.384348             0.213027            -0.836644             -1.06699 
                   2              72.2181              1.67411             0.853036             0.801529             0.363143              0.18088            -0.874573             -1.09972 
                 2.2              82.0054              1.63019              0.84757             0.792242             0.342858             0.149892            -0.907891             -1.12461 
                 2.4              92.2431              1.58849             0.842137             0.782911             0.323127              0.11972            -0.937064              -1.1418 
                 2.6              102.861              1.54941             0.836698             0.773498             0.303828            0.0902942            -0.962246             -1.15139 
                 2.8              113.775              1.51317             0.831257             0.764028             0.284985            0.0617033            -0.983498             -1.15366 
                   3               124.89              1.47985             0.825845             0.754557             0.266698            0.0341091             -1.00094             -1.14918 
                 3.2              136.105              1.44942             0.820507             0.745166             0.249086           0.00767984             -1.01484             -1.13886 
                 3.4              147.318               1.4218             0.815291             0.735934             0.232256           -0.0174547             -1.02561              -1.1238 
                 3.6              158.426              1.39682             0.810237             0.726937             0.216275           -0.0412225             -1.03376             -1.10521 
                 3.8               169.33              1.37431             0.805376             0.718233              0.20117            -0.063604             -1.03983             -1.08417 
                   4              179.937              1.35409             0.800726             0.709866             0.186928           -0.0846228             -1.04434             -1.06159 
                 4.2              190.158              1.33598             0.796292             0.701861             0.173503            -0.104328              -1.0477             -1.03812 
                 4.4               199.91              1.31981             0.792073             0.694233             0.160834            -0.122779             -1.05026              -1.0142 
                 4.6              209.114              1.30546             0.788054             0.686985             0.148848            -0.140024              -1.0522            -0.989992 
                 4.8                217.7               1.2928             0.784222             0.680117             0.137491            -0.156077             -1.05357            -0.965468 
                   5              225.609               1.2817             0.780564             0.673637             0.126744            -0.170896             -1.05424            -0.940489 
                 5.2              232.791              1.27208              0.77708             0.667562              0.11664            -0.184379             -1.05399             -0.91502 
                 5.4              239.215              1.26382             0.773782              0.66193             0.107266            -0.196389             -1.05266            -0.889343 
                 5.6              244.864              1.25684             0.770707             0.656804             0.098748            -0.206791             -1.05024            -0.864133 
                 5.8              249.739              1.25109             0.767909             0.652256            0.0912265              -0.2155             -1.04695            -0.840291 
                   6              253.844              1.24649              0.76543             0.648334             0.084747            -0.222604             -1.04329            -0.818822 
                 6.2              257.191              1.24293             0.763295             0.645038            0.0792683            -0.228329             -1.03984            -0.800476 
                 6.4              259.814               1.2403             0.761517             0.642352            0.0747461            -0.232876             -1.03693            -0.785491 
                 6.6              261.777              1.23844             0.760102             0.640248            0.0711523            -0.236384             -1.03461            -0.773728 
                 6.8              263.172              1.23721             0.759034             0.638688            0.0684482            -0.238963             -1.03287            -0.764923 
                   7              264.104              1.23645             0.758288             0.637605            0.0665489            -0.240744             -1.03163            -0.758737 
                 7.2              264.689              1.23601             0.757806              0.63691            0.0653165             -0.24189             -1.03083            -0.754735 
                 7.4               265.03              1.23578              0.75752               0.6365            0.0645818            -0.242573             -1.03037            -0.752376 
                 7.6              265.214              1.23567             0.757366             0.636279            0.0641814            -0.242948             -1.03014            -0.751121 
                 7.8              265.306              1.23563              0.75729             0.636172            0.0639827            -0.243136             -1.03003            -0.750521 
                   8              265.347              1.23561             0.757256             0.636124            0.0638934            -0.243222                -1.03            -0.750265 
                 8.2              265.364              1.23561             0.757244             0.636105            0.0638571            -0.243257             -1.02999            -0.750166 
                 8.4              265.371              1.23561             0.757238             0.636098            0.0638438            -0.243271             -1.02998            -0.750134 
                 8.6              265.373              1.23561             0.757237             0.636096            0.0638396            -0.243275             -1.02998            -0.750124 
                 8.8              265.374              1.23561             0.757236             0.636096            0.0638383            -0.243276             -1.02998            -0.750122 
                   9              265.374              1.23561             0.757236             0.636096             0.063838            -0.243277             -1.02998            -0.750121 
                 9.2              265.374              1.23561             0.757236             0.636096            0.0638379            -0.243277             -1.02998            -0.750121 
                 9.4              265.374              1.23561             0.757236             0.636096            0.0638379            -0.243277             -1.02998            -0.750121 
                 9.6              265.374              1.23561             0.757236             0.636096            0.0638379            -0.243277             -1.02998            -0.750121 
                 9.8              265.374              1.23561             0.757236             0.636096            0.0638379            -0.243277             -1.02998            -0.750121 
                  10              265.374              1.23561             0.757236             0.636096            0.0638379            -0.243277             -1.02998            -0.750121 
                10.2              265.374              1.23561             0.757236             0.636096            0.0638379            -0.243277             -1.02998            -0.750121 
                10.4              265.374              1.23561             0.757236             0.636096            0.0638379            -0.243277             -1.02998            -0.750121 
                10.6              265.374              1.23561             0.757236             0.636096            0.0638379            -0.243277             -1.02998            -0.750121 
                10.8              265.374              1.23561             0.757236             0.636096            0.0638379            -0.243277             -1.02998            -0.750121 
                  11              265.374              1.23561             0.757236             0.636096            0.0638379            -0.243277             -1.02998            -0.750121 
                11.2              265.374              1.23561             0.757236             0.636096            0.0638379            -0.243277             -1.02998            -0.750121 
                11.4              265.374              1.23561             0.757236             0.636096            0.0638379            -0.243277             -1.02998            -0.750121 
                11.6              265.374              1.23561             0.757236             0.636096            0.0638379            -0.243277             -1.02998            -0.750121 
                11.8              265.374              1.23561             0.757236             0.636096            0.0638379            -0.243277             -1.02998            -0.750121 
                  12              265.374              1.23561             0.757236             0.636096            0.0638379            -0.243277             -1.02998            -0.750121 
