                  dY                  C~1              C~2/C~1              C~3/C~1              C~4/C~1              C~5/C~1              C~6/C~1              C~7/C~1              C~8/C~1 
                 0.2              3.25048          -0.00289116          2.26274e-05         -5.66685e-06           2.6513e-05         -0.000154999           0.00105447           -0.0081941 
                 0.4              6.52299          -0.00559653          7.90282e-05         -2.75947e-07         -5.56493e-06          2.38694e-05         -0.000117845          0.000649918 
                 0.6              9.83752          -0.00798859           0.00016251         -8.23378e-06          1.31741e-05         -7.41244e-05          0.000505046          -0.00398191 
                 0.8              13.2102           -0.0100161          0.000251321         -6.49499e-06         -1.33836e-05          5.63959e-05         -0.000255606           0.00121236 
                   1              16.6518            -0.011709          0.000342804         -1.66709e-05         -1.69351e-06          2.69581e-05         -0.000227405           0.00197028 
                 1.2              20.1667           -0.0131327          0.000425068         -1.92198e-05         -1.08893e-05           5.3167e-05         -0.000265354            0.0015079 
                 1.4              23.7523           -0.0143703          0.000504819         -2.87088e-05          1.41039e-06          1.60827e-06         -6.31519e-07         -3.12054e-05 
                 1.6              27.3989           -0.0154892          0.000583768         -4.62574e-05          5.36664e-05         -0.000289081           0.00192583           -0.0147312 
                 1.8              31.0899           -0.0165364          0.000659257         -4.97686e-05          3.55389e-05         -0.000172397            0.0011067           -0.0082362 
                   2              34.8023            -0.017542          0.000735587          -5.2304e-05          1.76712e-05         -8.57673e-05          0.000627624          -0.00516154 
                 2.2               38.508           -0.0185244          0.000815857         -5.68583e-05          6.18054e-07           1.4436e-05         -1.60136e-05         -0.000452745 
                 2.4              42.1743           -0.0194919          0.000901876         -7.00426e-05          1.76482e-05         -6.41196e-05          0.000442059          -0.00351986 
                 2.6              45.7648            -0.020446          0.000989406         -7.85975e-05          1.47144e-05         -5.19744e-05          0.000415037           -0.0035956 
                 2.8              49.2402           -0.0213888           0.00107969           -8.292e-05         -2.04508e-05          0.000174445          -0.00117652           0.00903802 
                   3              52.5599           -0.0223196           0.00117677         -0.000104566          2.83676e-05         -9.88015e-05          0.000670175          -0.00523553 
                 3.2              55.6842           -0.0232331           0.00127433         -0.000116424          2.06701e-05         -2.68694e-05          0.000119543         -0.000690554 
                 3.4              58.5767           -0.0241228           0.00137346         -0.000129352          2.17834e-05         -2.80367e-05          0.000141177         -0.000820442 
                 3.6              61.2075           -0.0249808           0.00147583         -0.000146681          3.40971e-05         -7.61001e-05           0.00042783          -0.00285646 
                 3.8              63.5548           -0.0257922            0.0015775         -0.000161939          3.67242e-05         -8.44625e-05          0.000534183           -0.0040131 
                   4              65.5999           -0.0265417           0.00167802         -0.000179162          4.12043e-05         -8.53812e-05           0.00051931            -0.003883 
                 4.2              67.3259           -0.0272122           0.00177314          -0.00019774          5.56992e-05         -0.000153636          0.000990531          -0.00757024 
                 4.4              68.7276           -0.0277883           0.00185708         -0.000207675          3.08755e-05          8.93382e-06         -9.71254e-05          0.000691187 
                 4.6              69.8165           -0.0282598            0.0019296         -0.000222856          4.27836e-05         -5.18559e-05           0.00036455           -0.0032462 
                 4.8              70.6208           -0.0286237           0.00198722         -0.000233968          3.91669e-05          8.64618e-06         -0.000177806           0.00176029 
                   5              71.1825           -0.0288852           0.00202915         -0.000243248           4.8172e-05         -4.25961e-05          0.000215868          -0.00156769 
                 5.2              71.5513           -0.0290596           0.00205814         -0.000252169          6.53796e-05         -0.000137464          0.000884719          -0.00701253 
                 5.4              71.7778           -0.0291657           0.00207401         -0.000249785          3.60836e-05          4.58289e-05         -0.000409082           0.00337243 
                 5.6              71.9072           -0.0292254           0.00208442         -0.000255468          5.61697e-05          -7.3581e-05          0.000425752           -0.0032543 
                 5.8              71.9753           -0.0292549           0.00208751         -0.000251058          3.42339e-05          4.08557e-05          -0.00028508           0.00190535 
                   6              72.0084            -0.029269           0.00208966         -0.000250457           2.7969e-05          7.82395e-05         -0.000519381           0.00349858 
                 6.2               72.023            -0.029275           0.00209179         -0.000255502          5.01367e-05         -3.98428e-05          0.000211546          -0.00167115 
                 6.4              72.0289           -0.0292777           0.00209327         -0.000258799          6.22667e-05         -9.77372e-05          0.000550497           -0.0040283 
                 6.6               72.031           -0.0292782           0.00209261         -0.000256418          5.32826e-05         -5.90954e-05            0.0003684          -0.00315557 
                 6.8              72.0316           -0.0292778            0.0020918         -0.000254499          4.76874e-05         -4.06419e-05          0.000310771          -0.00310196 
                   7              72.0318           -0.0292784           0.00209296         -0.000258164          6.23613e-05         -0.000111777          0.000715226          -0.00573452 
                 7.2              72.0319           -0.0292784            0.0020925          -0.00025554          4.73124e-05         -1.54654e-05          1.94039e-05         -8.81082e-05 
                 7.4              72.0319           -0.0292784           0.00209252         -0.000255442          4.61462e-05         -5.21852e-06         -7.00731e-05          0.000738623 
                 7.6              72.0319           -0.0292784           0.00209255         -0.000255512          4.63545e-05         -5.90988e-06         -6.79102e-05          0.000736282 
                 7.8              72.0319           -0.0292784           0.00209257         -0.000255678          4.73263e-05         -1.21571e-05         -2.28191e-05          0.000371666 
                   8              72.0319           -0.0292784           0.00209257         -0.000255665          4.71874e-05         -1.09771e-05         -3.30229e-05          0.000465638 
                 8.2              72.0319           -0.0292784           0.00209257         -0.000255665          4.71874e-05         -1.09771e-05         -3.30229e-05          0.000465638 
                 8.4              72.0319           -0.0292784           0.00209257         -0.000255665          4.71874e-05         -1.09771e-05         -3.30229e-05          0.000465638 
                 8.6              72.0319           -0.0292784           0.00209257         -0.000255665          4.71874e-05         -1.09771e-05         -3.30229e-05          0.000465638 
                 8.8              72.0319           -0.0292784           0.00209257         -0.000255665          4.71874e-05         -1.09771e-05         -3.30229e-05          0.000465638 
                   9              72.0319           -0.0292784           0.00209257         -0.000255665          4.71874e-05         -1.09771e-05         -3.30229e-05          0.000465638 
                 9.2              72.0319           -0.0292784           0.00209257         -0.000255665          4.71874e-05         -1.09771e-05         -3.30229e-05          0.000465638 
                 9.4              72.0319           -0.0292784           0.00209257         -0.000255665          4.71874e-05         -1.09771e-05         -3.30229e-05          0.000465638 
                 9.6              72.0319           -0.0292784           0.00209257         -0.000255665          4.71874e-05         -1.09771e-05         -3.30229e-05          0.000465638 
                 9.8              72.0319           -0.0292784           0.00209257         -0.000255665          4.71874e-05         -1.09771e-05         -3.30229e-05          0.000465638 
                  10              72.0319           -0.0292784           0.00209257         -0.000255665          4.71874e-05         -1.09771e-05         -3.30229e-05          0.000465638 
