                  dY                   K1                K2/K1                K3/K1                K4/K2                K5/K1                K6/K2                K7/K1                K8/K2 
                 0.2              6.04799             0.996513             0.989569             0.979192             0.948476             0.897849             0.789693             0.589064 
                 0.4              12.1084              0.99334             0.980136             0.960468             0.902962             0.809136             0.614119             0.262198 
                 0.6              18.1937             0.990687             0.972284             0.944947             0.865839              0.73785             0.477961            0.0200816 
                 0.8              24.3166             0.988603             0.966143             0.932845             0.837254             0.683581             0.377233            -0.152319 
                   1              30.4903             0.987025             0.961505             0.923719             0.815899             0.643338             0.304043            -0.274232 
                 1.2              36.7281             0.985842              0.95803             0.916881             0.799994             0.613476             0.250425            -0.362126 
                 1.4              43.0432             0.984938             0.955383             0.911669             0.787916             0.590829             0.210058            -0.427791 
                 1.6              49.4489             0.984228               0.9533             0.907567             0.778432             0.573047             0.178495            -0.478965 
                 1.8              55.9575             0.983647             0.951597             0.904209             0.770683             0.558516             0.152782             -0.52057 
                   2              62.5802             0.983152             0.950146             0.901347             0.764092             0.546155             0.130973            -0.555774 
                 2.2              69.3261             0.982713             0.948862             0.898814             0.758265             0.535234             0.111768            -0.586662 
                 2.4              76.2016             0.982311             0.947684             0.896491             0.752932              0.52525            0.0942778            -0.614652 
                 2.6              83.2096              0.98193             0.946571             0.894296             0.747902             0.515846            0.0778788            -0.640725 
                 2.8              90.3491             0.981562             0.945492             0.892166             0.743038             0.506772            0.0621396            -0.665543 
                   3              97.6151             0.981197             0.944426             0.890067             0.738246             0.497857            0.0467711            -0.689539 
                 3.2              104.999             0.980831             0.943359             0.887966              0.73347             0.488997            0.0316006            -0.712948 
                 3.4              112.489             0.980463             0.942283             0.885853             0.728675             0.480132            0.0165374            -0.735887 
                 3.6              120.072              0.98009             0.941197             0.883718             0.723845             0.471234            0.0015365            -0.758417 
                 3.8              127.732             0.979712             0.940095             0.881558             0.718973             0.462291           -0.0134171            -0.780545 
                   4              135.454             0.979327             0.938979             0.879372             0.714057             0.453302           -0.0283257            -0.802279 
                 4.2              143.221             0.978938             0.937848             0.877161             0.709099             0.444269           -0.0431816            -0.823603 
                 4.4              151.014             0.978546             0.936707             0.874927             0.704107             0.435205           -0.0579645            -0.844488 
                 4.6              158.817             0.978147             0.935552             0.872675             0.699086             0.426125           -0.0726504            -0.864906 
                 4.8              166.611             0.977746             0.934388             0.870409             0.694048             0.417045           -0.0872149            -0.884831 
                   5              174.378             0.977341             0.933219             0.868132                0.689             0.407979            -0.101639            -0.904252 
                 5.2              182.103             0.976935             0.932045             0.865846             0.683949             0.398933            -0.115918            -0.923182 
                 5.4              189.771             0.976526             0.930864             0.863551              0.67889             0.389902            -0.130064            -0.941657 
                 5.6              197.368             0.976115             0.929676             0.861242             0.673815             0.380869            -0.144114            -0.959743 
                 5.8              204.879               0.9757             0.928477             0.858911             0.668705             0.371795            -0.158129            -0.977533 
                   6              212.291             0.975276             0.927256             0.856546             0.663528             0.362628             -0.17219            -0.995135 
                 6.2              219.586             0.974843             0.926008             0.854125             0.658247             0.353298            -0.186398             -1.01265 
                 6.4              226.743             0.974395             0.924719             0.851628             0.652814              0.34373            -0.200851             -1.03017 
                 6.6              233.731             0.973928             0.923378             0.849034             0.647186             0.333859            -0.215616             -1.04766 
                 6.8              240.516              0.97344             0.921976             0.846326             0.641334             0.323647            -0.230697               -1.065 
                   7              247.052             0.972927             0.920507             0.843497             0.635253              0.31311            -0.246018             -1.08193 
                 7.2               253.29             0.972394             0.918979             0.840559             0.628972             0.302316            -0.261418             -1.09812 
                 7.4              259.176             0.971841             0.917402              0.83754             0.622557             0.291398             -0.27666             -1.11318 
                 7.6              264.656             0.971278             0.915799             0.834485             0.616108             0.280539            -0.291447             -1.12669 
                 7.8              269.681             0.970716             0.914205             0.831454             0.609757              0.26997            -0.305445              -1.1383 
                   8              274.211             0.970167             0.912653             0.828522             0.603656             0.259949             -0.31832             -1.14777 
                 8.2              278.222             0.969649             0.911189             0.825768              0.59797             0.250731            -0.329784             -1.15503 
                 8.4              281.708             0.969176             0.909855              0.82327             0.592849             0.242541            -0.339636              -1.1602 
                 8.6              284.669             0.968759             0.908683             0.821083             0.588401              0.23551            -0.347832             -1.16367 
                 8.8              287.117             0.968404             0.907691              0.81924             0.584667             0.229665             -0.35448             -1.16594 
                   9              289.075             0.968116             0.906884             0.817742             0.581644             0.224959             -0.35975              -1.1675 
                 9.2              290.584             0.967891             0.906255             0.816575             0.579292             0.221303            -0.363824             -1.16865 
                 9.4              291.698             0.967724             0.905786             0.815706             0.577541             0.218579            -0.366865             -1.16954 
                 9.6               292.48             0.967606             0.905457             0.815093             0.576305              0.21665            -0.369035             -1.17025 
                 9.8                  293             0.967529             0.905239             0.814686             0.575485             0.215364            -0.370497             -1.17078 
                  10              293.326              0.96748             0.905104             0.814436             0.574977             0.214563            -0.371421             -1.17116 
                10.2              293.517             0.967452             0.905026             0.814293             0.574686               0.2141            -0.371963             -1.17141 
                10.4              293.622             0.967439             0.904987             0.814216             0.574532             0.213853            -0.372258             -1.17157 
                10.6              293.674             0.967432             0.904968             0.814179             0.574457             0.213732            -0.372405             -1.17165 
                10.8              293.699             0.967429             0.904959             0.814163             0.574423             0.213678            -0.372472              -1.1717 
                  11              293.709             0.967427             0.904955             0.814157              0.57441             0.213656            -0.372499             -1.17172 
                11.2              293.713             0.967427             0.904954             0.814154             0.574404             0.213648             -0.37251             -1.17173 
                11.4              293.715             0.967427             0.904954             0.814154             0.574403             0.213645            -0.372514             -1.17173 
                11.6              293.715             0.967427             0.904954             0.814153             0.574403             0.213644            -0.372515             -1.17173 
                11.8              293.715             0.967427             0.904953             0.814154             0.574403             0.213644            -0.372515             -1.17173 
                  12              293.715             0.967427             0.904953             0.814153             0.574403             0.213644            -0.372515             -1.17173 
                12.2              293.715             0.967427             0.904953             0.814153             0.574403             0.213644            -0.372515             -1.17173 
                12.4              293.715             0.967427             0.904953             0.814153             0.574403             0.213644            -0.372515             -1.17173 
                12.6              293.715             0.967427             0.904953             0.814153             0.574403             0.213644            -0.372515             -1.17173 
                12.8              293.715             0.967427             0.904953             0.814153             0.574403             0.213644            -0.372515             -1.17173 
                  13              293.715             0.967427             0.904953             0.814153             0.574403             0.213644            -0.372515             -1.17173 
                13.2              293.715             0.967427             0.904953             0.814153             0.574403             0.213644            -0.372515             -1.17173 
                13.4              293.715             0.967427             0.904953             0.814153             0.574403             0.213644            -0.372515             -1.17173 
                13.6              293.715             0.967427             0.904953             0.814153             0.574403             0.213644            -0.372515             -1.17173 
                13.8              293.715             0.967427             0.904953             0.814153             0.574403             0.213644            -0.372515             -1.17173 
                  14              293.715             0.967427             0.904953             0.814153             0.574403             0.213644            -0.372515             -1.17173 
