                  dY                  C~1              C~2/C~1              C~3/C~1              C~4/C~1              C~5/C~1              C~6/C~1              C~7/C~1              C~8/C~1 
                 0.2              2.70355          -0.00225384          1.11742e-05          7.21274e-06         -3.50687e-05          0.000204757          -0.00140783             0.011118 
                 0.4              5.42333          -0.00435632          4.94327e-05         -1.60049e-06          2.66073e-06           -1.474e-05          0.000102813         -0.000833549 
                 0.6              8.17445          -0.00619514          9.80616e-05          3.53541e-06         -3.29808e-05          0.000198496           -0.0013523            0.0103895 
                 0.8              10.9699          -0.00772871          0.000154059         -5.92533e-06          2.24251e-06         -1.12125e-06         -5.48412e-05          0.000828054 
                   1              13.8195          -0.00897442          0.000206143         -9.26224e-06          7.88738e-06         -4.64994e-05          0.000325445          -0.00255282 
                 1.2              16.7299          -0.00998554          0.000250928         -6.50931e-06         -1.29349e-05           4.7723e-05         -0.000150623          3.68966e-05 
                 1.4              19.7033           -0.0108287          0.000295417          -2.1235e-05          4.08307e-05         -0.000237102           0.00162876            -0.012748 
                 1.6              22.7383           -0.0115568          0.000330152         -1.34179e-05         -1.17819e-05           8.5864e-05          -0.00065629           0.00561707 
                 1.8              25.8293           -0.0122143          0.000365233         -1.65432e-05         -4.90916e-06          3.21844e-05         -0.000207478           0.00157451 
                   2              28.9671           -0.0128281          0.000400143         -2.16936e-05          9.26913e-06         -4.83203e-05          0.000318744          -0.00230824 
                 2.2              32.1391           -0.0134153          0.000434181         -2.12545e-05         -6.49675e-06          4.74375e-05          -0.00033396            0.0027251 
                 2.4              35.3296            -0.013986          0.000470173         -2.54886e-05         -1.40958e-06          2.74727e-05         -0.000232859           0.00210381 
                 2.6              38.5197           -0.0145446          0.000506193          -2.7007e-05         -6.72643e-06          5.04781e-05         -0.000328531           0.00243235 
                 2.8              41.6883           -0.0150939          0.000543181         -2.81302e-05         -1.77916e-05           0.00012355         -0.000864161           0.00684806 
                   3              44.8122           -0.0156355          0.000582988         -3.65971e-05          6.10101e-06         -8.72306e-06          6.40896e-06          0.000273571 
                 3.2              47.8666            -0.016168          0.000621707         -3.72285e-05           -9.234e-06          8.32982e-05         -0.000602216           0.00479903 
                 3.4              50.8257           -0.0166906          0.000661653         -4.16128e-05         -4.11799e-06          4.95969e-05         -0.000352473           0.00280956 
                 3.6              53.6638           -0.0172017          0.000703137         -4.95306e-05          1.34541e-05         -3.99618e-05          0.000200616          -0.00115128 
                 3.8              56.3556           -0.0176977          0.000743386         -5.30737e-05          1.41423e-05         -5.59394e-05          0.000390275          -0.00314007 
                   4              58.8787           -0.0181749          0.000782846         -5.39074e-05         -1.85126e-06          3.95474e-05         -0.000254068           0.00183227 
                 4.2              61.2139             -0.01863          0.000823522         -6.21918e-05          1.71856e-05         -6.14468e-05          0.000379739          -0.00266759 
                 4.4              63.3462           -0.0190583          0.000861456         -6.33976e-05          6.31451e-07          4.29118e-05         -0.000335832            0.0028267 
                 4.6              65.2657           -0.0194567          0.000898987         -7.04045e-05          1.64405e-05         -5.42889e-05          0.000365542          -0.00284576 
                 4.8              66.9673           -0.0198212          0.000933113         -7.08107e-05         -1.73219e-06          5.50627e-05          -0.00037385           0.00285542 
                   5              68.4506           -0.0201484          0.000966784         -7.81293e-05          1.18333e-05         -1.11219e-05          4.13026e-05         -0.000242007 
                 5.2              69.7185           -0.0204337          0.000996765         -8.48412e-05          2.98916e-05         -0.000127666          0.000908906          -0.00744222 
                 5.4              70.7749           -0.0206744            0.0010207         -8.14413e-05         -3.48994e-06          7.66812e-05         -0.000533668           0.00420443 
                 5.6              71.6278           -0.0208727           0.00104405         -9.09423e-05          2.67773e-05         -8.95043e-05          0.000562817          -0.00414454 
                 5.8              72.2913           -0.0210283           0.00106157         -9.43544e-05          3.02111e-05         -0.000101501            0.0006273            -0.004617 
                   6              72.7854           -0.0211439           0.00107229         -8.92899e-05          6.86951e-07          5.82095e-05         -0.000390714           0.00291631 
                 6.2              73.1357           -0.0212264           0.00108128         -9.02431e-05         -2.36546e-06           8.5478e-05          -0.00062081            0.0049897 
                 6.4              73.3708           -0.0212805           0.00108583         -8.61787e-05         -2.61139e-05          0.000226912          -0.00159738            0.0126804 
                 6.6              73.5191            -0.021314           0.00108989         -9.10376e-05          2.55716e-06          2.94291e-05         -9.45148e-05          8.88641e-06 
                 6.8              73.6065           -0.0213342           0.00109486          -0.00010116          4.39499e-05         -0.000183904           0.00121426           -0.0093017 
                   7              73.6544           -0.0213435           0.00109429         -9.56494e-05          1.85732e-05         -4.59036e-05          0.000331991          -0.00280022 
                 7.2              73.6786           -0.0213483           0.00109504         -9.60659e-05          1.72913e-05         -2.59682e-05          0.000136518         -0.000943484 
                 7.4              73.6897             -0.02135           0.00109464         -9.45179e-05           1.1372e-05          2.87693e-06         -3.62215e-05          0.000284332 
                 7.6              73.6944           -0.0213508           0.00109468         -9.39556e-05          7.27328e-06           3.1347e-05         -0.000248427           0.00201974 
                 7.8              73.6962           -0.0213508           0.00109459         -9.43061e-05          1.13303e-05         -1.79928e-06          2.49062e-05         -0.000396007 
                   8              73.6968           -0.0213512           0.00109522         -9.61507e-05          1.86982e-05         -3.83884e-05          0.000240432           -0.0018575 
                 8.2              73.6969           -0.0213509           0.00109465         -9.45358e-05          1.23614e-05         -6.50095e-06          4.50158e-05         -0.000448568 
                 8.4               73.697           -0.0213511           0.00109493         -9.53363e-05          1.52516e-05         -1.90483e-05          0.000107537         -0.000790675 
                 8.6               73.697           -0.0213511           0.00109478         -9.47935e-05          1.29856e-05         -7.96233e-06          4.49598e-05         -0.000390903 
                 8.8               73.697           -0.0213511           0.00109483         -9.49563e-05          1.36505e-05         -1.14224e-05          6.68512e-05         -0.000553697 
                   9               73.697           -0.0213511           0.00109483         -9.49428e-05          1.35284e-05         -1.04726e-05          5.92523e-05         -0.000488437 
                 9.2               73.697           -0.0213511           0.00109483         -9.49428e-05          1.35284e-05         -1.04726e-05          5.92523e-05         -0.000488437 
                 9.4               73.697           -0.0213511           0.00109483         -9.49428e-05          1.35284e-05         -1.04726e-05          5.92523e-05         -0.000488437 
                 9.6               73.697           -0.0213511           0.00109483         -9.49428e-05          1.35284e-05         -1.04726e-05          5.92523e-05         -0.000488437 
                 9.8               73.697           -0.0213511           0.00109483         -9.49428e-05          1.35284e-05         -1.04726e-05          5.92523e-05         -0.000488437 
                  10               73.697           -0.0213511           0.00109483         -9.49428e-05          1.35284e-05         -1.04726e-05          5.92523e-05         -0.000488437 
                10.2               73.697           -0.0213511           0.00109483         -9.49428e-05          1.35284e-05         -1.04726e-05          5.92523e-05         -0.000488437 
                10.4               73.697           -0.0213511           0.00109483         -9.49428e-05          1.35284e-05         -1.04726e-05          5.92523e-05         -0.000488437 
                10.6               73.697           -0.0213511           0.00109483         -9.49428e-05          1.35284e-05         -1.04726e-05          5.92523e-05         -0.000488437 
                10.8               73.697           -0.0213511           0.00109483         -9.49428e-05          1.35284e-05         -1.04726e-05          5.92523e-05         -0.000488437 
                  11               73.697           -0.0213511           0.00109483         -9.49428e-05          1.35284e-05         -1.04726e-05          5.92523e-05         -0.000488437 
                11.2               73.697           -0.0213511           0.00109483         -9.49428e-05          1.35284e-05         -1.04726e-05          5.92523e-05         -0.000488437 
                11.4               73.697           -0.0213511           0.00109483         -9.49428e-05          1.35284e-05         -1.04726e-05          5.92523e-05         -0.000488437 
                11.6               73.697           -0.0213511           0.00109483         -9.49428e-05          1.35284e-05         -1.04726e-05          5.92523e-05         -0.000488437 
                11.8               73.697           -0.0213511           0.00109483         -9.49428e-05          1.35284e-05         -1.04726e-05          5.92523e-05         -0.000488437 
                  12               73.697           -0.0213511           0.00109483         -9.49428e-05          1.35284e-05         -1.04726e-05          5.92523e-05         -0.000488437 
