            dY             K1          K2/K1          K3/K1          K4/K2          K5/K1          K6/K2          K7/K1          K8/K2 
           0.2        5.63248        0.99493       0.984858       0.969829       0.925615       0.853101       0.700273       0.420558 
           0.4        11.3029       0.990275       0.971072        0.94256       0.860182       0.727094       0.457871     -0.0145477 
           0.6        17.0465       0.986308        0.95941       0.919636       0.806483       0.626002       0.273825      -0.320845 
           0.8        22.8935       0.983102        0.95004       0.901295       0.764349        0.54808       0.138357      -0.531504 
             1        28.8667       0.980568       0.942662       0.886886       0.731722       0.488445      0.0381612      -0.679441 
           1.2        34.9797       0.978541       0.936777       0.875397       0.705968       0.441681     -0.0386043      -0.788913 
           1.4        41.2358       0.976856       0.931893       0.865863       0.684756       0.403323      -0.100503      -0.874965 
           1.6        47.6273       0.975384       0.927636        0.85755       0.666391       0.370255         -0.153      -0.946047 
           1.8        54.1358       0.974041       0.923755       0.849981       0.649784       0.340533       -0.19932       -1.00669 
             2        60.7332       0.972772       0.920102       0.842869       0.634304       0.313038       -0.24126       -1.05929 
           2.2        67.3831       0.971554       0.916598       0.836065       0.619611       0.287176      -0.279791       -1.10523 
           2.4        74.0413       0.970372       0.913209         0.8295       0.605549       0.262655       -0.31543       -1.14535 
           2.6        80.6582       0.969223       0.909923       0.823152        0.59206       0.239352      -0.348468       -1.18032 
           2.8        87.1793       0.968109       0.906745       0.817026       0.579142       0.217229       -0.37909       -1.21074 
             3        93.5467       0.967034       0.903684       0.811141       0.566817       0.196288      -0.407432       -1.23718 
           3.2        99.7015       0.966003       0.900757       0.805521       0.555122       0.176553      -0.433601       -1.26014 
           3.4        105.585       0.965025        0.89798       0.800195       0.544103       0.158063      -0.457678       -1.28009 
           3.6        111.141       0.964104        0.89537       0.795192       0.533805       0.140862      -0.479726       -1.29743 
           3.8        116.321       0.963246       0.892943       0.790542       0.524276       0.124998      -0.499788       -1.31249 
             4        121.082       0.962458       0.890714       0.786272       0.515554       0.110517      -0.517897       -1.32552 
           4.2        125.395       0.961743       0.888693       0.782397       0.507668      0.0974505      -0.534071        -1.3367 
           4.4        129.241       0.961102       0.886884       0.778931       0.500633      0.0858215      -0.548316       -1.34609 
           4.6        132.613       0.960538        0.88529       0.775879       0.494458      0.0756473      -0.560627       -1.35374 
           4.8        135.521       0.960049       0.883914       0.773244       0.489149      0.0669433      -0.570997       -1.35967 
             5        137.982       0.959638       0.882755       0.771031        0.48471      0.0597138      -0.579448       -1.36399 
           5.2        140.024       0.959302       0.881811       0.769234       0.481122      0.0539121      -0.586096       -1.36697 
           5.4        141.675       0.959038       0.881071       0.767825       0.478318      0.0494054      -0.591184       -1.36904 
           5.6         142.97       0.958838        0.88051       0.766761       0.476203      0.0460092      -0.595008       -1.37059 
           5.8        143.948       0.958693       0.880104       0.765988       0.474665      0.0435294      -0.597831       -1.37187 
             6        144.657       0.958593       0.879823       0.765451       0.473594      0.0417868      -0.599863       -1.37297 
           6.2        145.145       0.958528       0.879639         0.7651       0.472887      0.0406212      -0.601266       -1.37389 
           6.4        145.464       0.958489       0.879527       0.764883        0.47245      0.0398888      -0.602179       -1.37459 
           6.6        145.659       0.958466       0.879464        0.76476         0.4722      0.0394623      -0.602731       -1.37508 
           6.8        145.771       0.958455       0.879432       0.764697       0.472068      0.0392346      -0.603038        -1.3754 
             7        145.831        0.95845       0.879416       0.764667       0.472006      0.0391241      -0.603193       -1.37558 
           7.2         145.86       0.958447        0.87941       0.764654        0.47198      0.0390759      -0.603264       -1.37567 
           7.4        145.873       0.958447       0.879408       0.764649        0.47197       0.039057      -0.603294       -1.37571 
           7.6        145.878       0.958446       0.879407       0.764648       0.471966      0.0390505      -0.603304       -1.37573 
           7.8         145.88       0.958446       0.879407       0.764647       0.471965      0.0390486      -0.603308       -1.37573 
             8        145.881       0.958446       0.879407       0.764647       0.471965      0.0390481      -0.603309       -1.37573 
           8.2        145.881       0.958446       0.879406       0.764647       0.471965       0.039048      -0.603309       -1.37573 
           8.4        145.881       0.958446       0.879407       0.764647       0.471965      0.0390479      -0.603309       -1.37573 
           8.6        145.881       0.958446       0.879407       0.764647       0.471965      0.0390479      -0.603309       -1.37573 
           8.8        145.881       0.958446       0.879407       0.764647       0.471965      0.0390479      -0.603309       -1.37573 
             9        145.881       0.958446       0.879407       0.764647       0.471965      0.0390479      -0.603309       -1.37573 
           9.2        145.881       0.958446       0.879407       0.764647       0.471965      0.0390479      -0.603309       -1.37573 
           9.4        145.881       0.958446       0.879407       0.764647       0.471965      0.0390479      -0.603309       -1.37573 
           9.6        145.881       0.958446       0.879407       0.764647       0.471965      0.0390479      -0.603309       -1.37573 
           9.8        145.881       0.958446       0.879407       0.764647       0.471965      0.0390479      -0.603309       -1.37573 
            10        145.881       0.958446       0.879407       0.764647       0.471965      0.0390479      -0.603309       -1.37573 
          10.2        145.881       0.958446       0.879407       0.764647       0.471965      0.0390479      -0.603309       -1.37573 
          10.4        145.881       0.958446       0.879407       0.764647       0.471965      0.0390479      -0.603309       -1.37573 
          10.6        145.881       0.958446       0.879407       0.764647       0.471965      0.0390479      -0.603309       -1.37573 
          10.8        145.881       0.958446       0.879407       0.764647       0.471965      0.0390479      -0.603309       -1.37573 
            11        145.881       0.958446       0.879407       0.764647       0.471965      0.0390479      -0.603309       -1.37573 
          11.2        145.881       0.958446       0.879407       0.764647       0.471965      0.0390479      -0.603309       -1.37573 
          11.4        145.881       0.958446       0.879407       0.764647       0.471965      0.0390479      -0.603309       -1.37573 
          11.6        145.881       0.958446       0.879407       0.764647       0.471965      0.0390479      -0.603309       -1.37573 
          11.8        145.881       0.958446       0.879407       0.764647       0.471965      0.0390479      -0.603309       -1.37573 
            12        145.881       0.958446       0.879407       0.764647       0.471965      0.0390479      -0.603309       -1.37573 
