            dY            C~1        C~2/C~1        C~3/C~1        C~4/C~1        C~5/C~1        C~6/C~1        C~7/C~1        C~8/C~1
           0.2        2.52925      -0.007459        0.00015   -4.40171e-06   -1.98292e-06    8.35626e-06   -4.02749e-05    0.000248095
           0.4        5.04552      -0.014612       0.000575   -4.04987e-05    8.98656e-06   -1.12677e-05   -3.19673e-05    0.000900249
           0.6        7.53602      -0.021336       0.001218   -0.000120793    3.19343e-05   -0.000103811    0.000733719    -0.00593804
           0.8        9.98823      -0.027592       0.002025   -0.000252078    3.87771e-05    5.45615e-05   -0.000583389      0.0054117
             1        12.3901      -0.033398       0.002949   -0.000440348    9.34812e-05   -1.59605e-05   -9.03607e-05    0.000918319
           1.2        14.7304      -0.038803       0.003959   -0.000682642    0.000177422   -0.000117379    0.000519691    -0.00451734
           1.4        16.9984      -0.043854       0.005032    -0.00098147    0.000332697   -0.000495104     0.00280596     -0.0216923
           1.6        19.1847      -0.048589       0.006146    -0.00130771    0.000427126   -0.000371767     0.00165385       -0.01298
           1.8        21.2807      -0.053032       0.007288    -0.00167187    0.000542688   -0.000224246    0.000175918    -0.00133529
             2        23.2792        -0.0572       0.008448    -0.00208472     0.00075516   -0.000481238      0.0011502    -0.00733928
           2.2        25.1747        -0.0611       0.009606    -0.00251795    0.000966528   -0.000637505     0.00149017    -0.00953663
           2.4         26.963      -0.064738       0.010746    -0.00295106     0.00110362   -0.000257182     -0.0019324      0.0176386
           2.6        28.6423      -0.068124       0.011866    -0.00341425     0.00134946    -0.00044953    -0.00146506      0.0142464
           2.8        30.2123      -0.071267       0.012958    -0.00390226     0.00169257    -0.00110268     0.00179326    -0.00900603
             3        31.6748      -0.074175       0.014004     -0.0043638     0.00191298    -0.00101269    0.000119764     0.00441372
           3.2        33.0332      -0.076863       0.015011     -0.0048457     0.00226498    -0.00166269     0.00332694     -0.0189798
           3.4        34.2918      -0.079342       0.015965    -0.00529576     0.00250161    -0.00161718     0.00171628    -0.00466452
           3.6        35.4554      -0.081627       0.016869    -0.00573157      0.0027327    -0.00158856    0.000478487     0.00476492
           3.8        36.5287      -0.083732       0.017726    -0.00616259     0.00299887    -0.00174464    0.000272581     0.00764764
             4        37.5158      -0.085667       0.018534    -0.00658363     0.00329029    -0.00206643     0.00111788     0.00302301
           4.2        38.4201       -0.08744       0.019292    -0.00699388     0.00361581    -0.00263673     0.00371983     -0.0156115
           4.4        39.2444      -0.089054        0.01999    -0.00735667      0.0038027    -0.00244728     0.00118885     0.00547607
           4.6         39.991      -0.090517       0.020639    -0.00772154     0.00410566    -0.00300242     0.00376424     -0.0130896
           4.8        40.6618      -0.091829       0.021226    -0.00804113     0.00430175    -0.00301059     0.00267478    -0.00316367
             5        41.2592      -0.092995       0.021755    -0.00833509     0.00449797    -0.00312229     0.00245244   -0.000690444
           5.2        41.7858       -0.09402       0.022224    -0.00859259     0.00463981    -0.00299966    0.000653676      0.0143872
           5.4        42.2453      -0.094913        0.02264    -0.00883731     0.00484942    -0.00338032     0.00237882      0.0020987
           5.6        42.6418      -0.095686       0.023005    -0.00905714     0.00505191    -0.00381278     0.00458767     -0.0144971
           5.8        42.9805       -0.09635       0.023319    -0.00923371     0.00514206    -0.00364406     0.00262667     0.00222778
             6        43.2669       -0.09692       0.023594    -0.00939855     0.00527426    -0.00382233     0.00323124    -0.00183328
           6.2         43.507      -0.097409       0.023835    -0.00955184      0.0054359    -0.00425884     0.00576196     -0.0215926
           6.4        43.7069      -0.097829       0.024042    -0.00966894     0.00547831    -0.00400887     0.00341887     -0.0018315
           6.6        43.8726      -0.098198        0.02423    -0.00978578     0.00557071    -0.00411165      0.0036608    -0.00321483
           6.8        44.0096      -0.098528       0.024402    -0.00989239     0.00564118    -0.00408651     0.00292688     0.00368864
             7        44.1224      -0.098829       0.024563     -0.0099955     0.00572565    -0.00420294     0.00342368   -0.000689906
           7.2        44.2138      -0.099107       0.024716     -0.0100959     0.00580983    -0.00430253     0.00361797    -0.00115679
           7.4        44.2864      -0.099362       0.024862     -0.0102008     0.00593455    -0.00465964     0.00565871     -0.0167768
           7.6        44.3419      -0.099584       0.024987     -0.0102723     0.00593353    -0.00431842     0.00300146     0.00398611
           7.8        44.3828       -0.09977       0.025099     -0.0103585     0.00604893     -0.0046657     0.00484723    -0.00877181
             8        44.4115      -0.099912       0.025184     -0.0104195     0.00611365    -0.00481633     0.00563135     -0.0146779
           8.2        44.4303       -0.10001       0.025241     -0.0104529     0.00611559    -0.00467545     0.00453638    -0.00622274
           8.4         44.442      -0.100074       0.025281     -0.0104859     0.00616637    -0.00484512     0.00544979     -0.0123684
           8.6        44.4487       -0.10011       0.025302     -0.0104982     0.00616571    -0.00478137      0.0049454    -0.00833675
           8.8        44.4523      -0.100128       0.025309     -0.0104878     0.00608324    -0.00427648     0.00154894      0.0174838
             9        44.4541      -0.100138       0.025318     -0.0105054     0.00615124    -0.00463839     0.00386707    0.000377023
           9.2        44.4549      -0.100141       0.025318     -0.0105003      0.0061291    -0.00454561     0.00346318     0.00201557
           9.4        44.4552      -0.100143       0.025321     -0.0105098     0.00617318    -0.00479781     0.00514747     -0.0108212
           9.6        44.4553      -0.100143        0.02532     -0.0105056     0.00615398    -0.00469279     0.00446926    -0.00576725
           9.8        44.4553      -0.100143       0.025319     -0.0105005     0.00612748    -0.00453588     0.00340226     0.00249277
            10        44.4554      -0.100143       0.025319     -0.0105005     0.00612718    -0.00453228     0.00336966     0.00276482
          10.2        44.4554      -0.100143       0.025319     -0.0105005     0.00612708    -0.00453078     0.00335216     0.00296082
          10.4        44.4554      -0.100143       0.025319     -0.0105005     0.00612708    -0.00453078     0.00335216     0.00296082
          10.6        44.4554      -0.100143       0.025319     -0.0105005     0.00612718    -0.00453228     0.00336966     0.00276482
          10.8        44.4554      -0.100143       0.025319     -0.0105005     0.00612718    -0.00453228     0.00336966     0.00276482
            11        44.4554      -0.100143       0.025319     -0.0105005     0.00612718    -0.00453228     0.00336966     0.00276482
          11.2        44.4554      -0.100143       0.025319     -0.0105005     0.00612718    -0.00453228     0.00336966     0.00276482
          11.4        44.4554      -0.100143       0.025319     -0.0105005     0.00612718    -0.00453228     0.00336966     0.00276482
          11.6        44.4554      -0.100143       0.025319     -0.0105005     0.00612718    -0.00453228     0.00336966     0.00276482
          11.8        44.4554      -0.100143       0.025319     -0.0105005     0.00612718    -0.00453228     0.00336966     0.00276482
            12        44.4554      -0.100143       0.025319     -0.0105005     0.00612718    -0.00453228     0.00336966     0.00276482
          12.2        44.4554      -0.100143       0.025319     -0.0105005     0.00612718    -0.00453228     0.00336966     0.00276482
          12.4        44.4554      -0.100143       0.025319     -0.0105005     0.00612718    -0.00453228     0.00336966     0.00276482
          12.6        44.4554      -0.100143       0.025319     -0.0105005     0.00612718    -0.00453228     0.00336966     0.00276482
          12.8        44.4554      -0.100143       0.025319     -0.0105005     0.00612718    -0.00453228     0.00336966     0.00276482
            13        44.4554      -0.100143       0.025319     -0.0105005     0.00612718    -0.00453228     0.00336966     0.00276482
          13.2        44.4554      -0.100143       0.025319     -0.0105005     0.00612718    -0.00453228     0.00336966     0.00276482
          13.4        44.4554      -0.100143       0.025319     -0.0105005     0.00612718    -0.00453228     0.00336966     0.00276482
          13.6        44.4554      -0.100143       0.025319     -0.0105005     0.00612718    -0.00453228     0.00336966     0.00276482
          13.8        44.4554      -0.100143       0.025319     -0.0105005     0.00612718    -0.00453228     0.00336966     0.00276482
            14        44.4554      -0.100143       0.025319     -0.0105005     0.00612718    -0.00453228     0.00336966     0.00276482
