                  dY                  C~1              C~2/C~1              C~3/C~1              C~4/C~1              C~5/C~1              C~6/C~1              C~7/C~1              C~8/C~1 
                 0.2              1.10264          -0.00432124          6.08473e-05          3.52688e-06         -2.76872e-05           0.00017362          -0.00124314            0.0100546 
                 0.4              2.18358          -0.00843351          0.000236406         -1.06607e-05         -1.05315e-05          8.66675e-05         -0.000698864           0.00612134 
                 0.6              3.22267           -0.0122317          0.000497435         -3.37218e-05         -4.62036e-06          1.48605e-05          8.00616e-05          -0.00176812 
                 0.8              4.20256           -0.0156558          0.000818657         -7.34545e-05         -1.00487e-05          0.000102452         -0.000600354            0.0039328 
                   1              5.10982           -0.0186824           0.00117243         -0.000133134           1.1556e-05          7.50588e-05         -0.000609854           0.00512619 
                 1.2              5.93554           -0.0213156           0.00153272          -0.00020305          4.75453e-05         -6.51712e-05          0.000408331          -0.00332588 
                 1.4              6.67543           -0.0235809           0.00188294         -0.000273504          4.77864e-05          6.02168e-05         -0.000561375           0.00464746 
                 1.6              7.32953           -0.0255126             0.002214         -0.000355531          0.000100666         -0.000129003          0.000697671          -0.00522134 
                 1.8              7.90144           -0.0271481           0.00251391         -0.000422665          8.64005e-05          7.75165e-05         -0.000695848           0.00507763 
                   2              8.39743           -0.0285299           0.00278622         -0.000497514           0.00012365          5.44094e-06         -0.000344385           0.00291173 
                 2.2              8.82549           -0.0296977            0.0030278         -0.000564998           0.00014938         -1.50249e-05          -0.00026168           0.00223097 
                 2.4              9.19453           -0.0306901           0.00324186         -0.000627649          0.000175759         -4.39226e-05         -0.000119406           0.00101503 
                 2.6              9.51382           -0.0315433           0.00343266         -0.000686994          0.000207191         -9.69622e-05          0.000111315          -0.00030825 
                 2.8              9.79254           -0.0322887           0.00360285         -0.000738983          0.000227884         -0.000112772          0.000190447           -0.0010998 
                   3              10.0396           -0.0329566             0.003759         -0.000787937          0.000245035         -9.93176e-05          2.20634e-05          0.000234238 
                 3.2              10.2632            -0.033572            0.0039033         -0.000828623          0.000237482          3.97338e-05         -0.000954567           0.00776993 
                 3.4              10.4708           -0.0341602           0.00404682         -0.000882532          0.000289811         -0.000135652          3.66984e-05          0.000970783 
                 3.6              10.6686           -0.0347362           0.00418522         -0.000924698          0.000297586         -0.000109914         -1.80921e-05          0.000279954 
                 3.8              10.8615           -0.0353173           0.00432769         -0.000972853          0.000321984         -0.000149087          0.000220839           -0.0017873 
                   4              11.0533           -0.0359133           0.00447414          -0.00101797          0.000318302         -4.91983e-06         -0.000854565           0.00672023 
                 4.2              11.2475           -0.0365352           0.00463179          -0.00107829          0.000369918         -0.000158128          7.54371e-06          0.000652132 
                 4.4              11.4472           -0.0371882           0.00479793          -0.00113793          0.000403536         -0.000209678          0.000240625         -0.000914338 
                 4.6              11.6514           -0.0378695           0.00497383            -0.001201          0.000430585         -0.000193605         -6.83964e-05           0.00211259 
                 4.8              11.8528           -0.0385585           0.00515429          -0.00126974          0.000483179         -0.000355064           0.00101474          -0.00686534 
                   5              12.0423           -0.0392265           0.00533068          -0.00133365          0.000508236         -0.000327638          0.000652578          -0.00350361 
                 5.2              12.2105             -0.03984           0.00549288            -0.001389          0.000517966          -0.00026277          0.000287785          -0.00175413 
                 5.4              12.3508           -0.0403724           0.00563841          -0.00144852          0.000563363         -0.000353098          0.000623275           -0.0031822 
                 5.6              12.4602           -0.0408011           0.00575567          -0.00149444          0.000592084         -0.000400994          0.000847589          -0.00475524 
                 5.8              12.5396           -0.0411214           0.00584337          -0.00152658          0.000600472         -0.000358201          0.000480441          -0.00179684 
                   6              12.5932           -0.0413422           0.00590441          -0.00155053          0.000615641         -0.000388048          0.000652655          -0.00317726 
                 6.2              12.6266           -0.0414823           0.00594353          -0.00156623           0.00062636         -0.000411886          0.000798423          -0.00439502 
                 6.4              12.6457           -0.0415635           0.00596563          -0.00157296          0.000621058         -0.000357382          0.000404345          -0.00125319 
                 6.6              12.6558           -0.0416066           0.00597773          -0.00157773          0.000623515         -0.000358125          0.000395671          -0.00115397 
                 6.8              12.6607           -0.0416277            0.0059841          -0.00158205          0.000635367         -0.000426781          0.000899687          -0.00539607 
                   7              12.6628           -0.0416369           0.00598724          -0.00158503          0.000642817         -0.000451719          0.000969086          -0.00525364 
                 7.2              12.6636           -0.0416404           0.00598819          -0.00158595          0.000647576         -0.000485096           0.00122145          -0.00732435 
                 7.4              12.6639           -0.0416417           0.00598847          -0.00158524          0.000642212          -0.00044971          0.000968055           -0.0053139 
                 7.6               12.664           -0.0416419           0.00598804          -0.00158371          0.000636207         -0.000421001          0.000804514          -0.00422842 
                 7.8               12.664            -0.041642           0.00598806          -0.00158338          0.000634049            -0.000408          0.000721658          -0.00366129 
                   8               12.664           -0.0416421           0.00598811          -0.00158365          0.000635829         -0.000420786          0.000822035          -0.00452527 
                 8.2               12.664            -0.041642           0.00598797          -0.00158296          0.000632048         -0.000396933          0.000650576          -0.00313544 
                 8.4               12.664            -0.041642           0.00598805          -0.00158343          0.000634819         -0.000414817          0.000780165          -0.00418739 
                 8.6               12.664            -0.041642           0.00598806          -0.00158346          0.000634912          -0.00041526           0.00078274          -0.00420501 
                 8.8               12.664            -0.041642           0.00598806          -0.00158346          0.000634912          -0.00041526           0.00078274          -0.00420501 
                   9               12.664            -0.041642           0.00598806          -0.00158346          0.000634912          -0.00041526           0.00078274          -0.00420501 
                 9.2               12.664            -0.041642           0.00598806          -0.00158346          0.000634912          -0.00041526           0.00078274          -0.00420501 
                 9.4               12.664            -0.041642           0.00598806          -0.00158346          0.000634912          -0.00041526           0.00078274          -0.00420501 
                 9.6               12.664            -0.041642           0.00598806          -0.00158346          0.000634912          -0.00041526           0.00078274          -0.00420501 
                 9.8               12.664                 -nan                 -nan                 -nan                 -nan                 -nan                 -nan                 -nan 
                  10               12.664                 -nan                 -nan                 -nan                 -nan                 -nan                 -nan                 -nan 
