                  dY                  C~1              C~2/C~1              C~3/C~1              C~4/C~1              C~5/C~1              C~6/C~1              C~7/C~1              C~8/C~1 
                 0.2             0.416545          -0.00162109          9.29062e-06         -1.93185e-06           7.2392e-06         -3.23025e-05          0.000157756         -0.000792412 
                 0.4             0.825102          -0.00318004          3.50687e-05         -6.21497e-06           2.7781e-05         -0.000165619           0.00115238          -0.00916831 
                 0.6              1.21824          -0.00463353          7.13745e-05         -1.57506e-06          8.81047e-07         -1.41564e-05          0.000129628          -0.00112008 
                 0.8              1.58958          -0.00595593          0.000120949         -9.89309e-06          1.83786e-05         -6.26025e-05          0.000179586          0.000219209 
                   1              1.93419          -0.00712792          0.000167505          5.76494e-06         -5.91455e-05          0.000324871          -0.00208569            0.0154184 
                 1.2              2.24878           -0.0081544          0.000224175         -7.02705e-06         -2.34266e-05           0.00015315           -0.0010939           0.00876496 
                 1.4              2.53171          -0.00903634          0.000276235         -1.23008e-05         -8.30984e-06          2.69798e-05         -3.01993e-05         -0.000739206 
                 1.6              2.78293          -0.00978814          0.000327485         -2.21186e-05          1.28503e-05         -6.80688e-05          0.000474785          -0.00373794 
                 1.8               3.0037           -0.0104215          0.000373038         -2.62844e-05          7.65886e-06         -1.84065e-05          7.60709e-05         -0.000418693 
                   2              3.19627           -0.0109515          0.000413149          -2.8921e-05         -8.64291e-07          4.55332e-05         -0.000435897           0.00414016 
                 2.2              3.36354           -0.0113935          0.000449107         -3.54836e-05          1.76386e-05         -7.93462e-05          0.000514181          -0.00384374 
                 2.4              3.50885           -0.0117616          0.000478996          -3.4505e-05         -2.98449e-06          4.13403e-05         -0.000293034           0.00232403 
                 2.6              3.63568           -0.0120714          0.000507622         -4.37923e-05          2.89096e-05         -0.000148016           0.00101717          -0.00794096 
                 2.8              3.74754            -0.012334          0.000530349         -4.12318e-05          1.26326e-06          1.79671e-05         -0.000101364          0.000557454 
                   3              3.84783           -0.0125627          0.000551839         -4.42594e-05          4.02349e-06          1.44538e-06          2.67816e-05         -0.000539284 
                 3.2               3.9397           -0.0127685          0.000573328         -5.38831e-05          3.81235e-05         -0.000188297           0.00127608          -0.00999306 
                 3.4              4.02599           -0.0129594          0.000589025         -4.58023e-05         -7.51669e-06           5.8803e-05         -0.000298882           0.00164483 
                 3.6              4.10909           -0.0131481          0.000609712         -5.50869e-05          2.07415e-05         -7.97514e-05          0.000519732          -0.00397606 
                 3.8              4.19087           -0.0133388          0.000628883         -5.96057e-05           3.4811e-05         -0.000174216           0.00123088           -0.0098896 
                   4              4.27287           -0.0135389            0.0006482         -5.74514e-05          4.66463e-06          3.30435e-05         -0.000322726           0.00303906 
                 4.2              4.35658           -0.0137528          0.000668041         -5.49084e-05         -1.73452e-05          0.000148594          -0.00103634            0.0081903 
                 4.4              4.44341           -0.0139866           0.00069082         -5.48138e-05         -3.14522e-05           0.00022411           -0.0014829            0.0111537 
                 4.6              4.53284           -0.0142412          0.000720109         -7.12345e-05          2.89897e-05         -0.000110921          0.000711676          -0.00533569 
                 4.8              4.62166           -0.0145063          0.000746433         -7.05969e-05          5.51964e-06          4.28054e-05         -0.000416254           0.00401172 
                   5              4.70563           -0.0147721          0.000774535         -7.76521e-05          2.70257e-05         -0.000106343          0.000756578          -0.00616141 
                 5.2              4.78057           -0.0150242          0.000801048         -8.11122e-05           2.5212e-05         -9.20455e-05          0.000673774          -0.00568927 
                 5.4               4.8433           -0.0152475          0.000823827         -7.95913e-05         -3.07254e-06          9.76087e-05         -0.000733604            0.0060133 
                 5.6              4.89231           -0.0154316          0.000844153          -8.5385e-05          1.24063e-05          9.08018e-06         -0.000135701           0.00144097 
                 5.8              4.92788           -0.0155706          0.000857251          -8.1119e-05         -1.34117e-05          0.000136831         -0.000869433           0.00629844 
                   6              4.95176           -0.0156691          0.000871096           -9.391e-05          3.51943e-05          -0.00011472          0.000668728          -0.00452142 
                 6.2              4.96652           -0.0157301          0.000875298         -8.59125e-05         -3.25327e-06          8.31088e-05         -0.000513679            0.0035599 
                 6.4              4.97487           -0.0157656          0.000878345         -8.30701e-05         -1.93687e-05          0.000174395          -0.00111251           0.00805271 
                 6.6              4.97918           -0.0157854          0.000884121          -9.7786e-05           4.9015e-05         -0.000212773           0.00144752           -0.0113281 
                 6.8              4.98118           -0.0157939          0.000883756         -9.25825e-05          2.34389e-05         -6.79361e-05          0.000496232          -0.00419395 
                   7              4.98202           -0.0157974          0.000883116         -8.78105e-05         -1.94917e-06          8.60336e-05         -0.000572335           0.00419904 
                 7.2              4.98234           -0.0157988          0.000883823         -9.06988e-05           1.2681e-05          3.22937e-06         -4.39888e-05          0.000415241 
                 7.4              4.98244           -0.0157993          0.000883652         -8.90078e-05           2.3159e-06          7.05485e-05         -0.000529166           0.00431302 
                 7.6              4.98247           -0.0157996          0.000883916         -8.95227e-05          3.50015e-06          6.80642e-05         -0.000529233           0.00438223 
                 7.8              4.98248           -0.0157996          0.000884081          -9.0491e-05          9.19846e-06          3.09891e-05         -0.000258159           0.00216168 
                   8              4.98248           -0.0157997          0.000884282         -9.13731e-05          1.36083e-05          5.39705e-06         -8.73199e-05           0.00086675 
                 8.2              4.98248           -0.0157997           0.00088426         -9.12672e-05          1.30657e-05          8.53888e-06         -0.000107906            0.0010179 
                 8.4              4.98248           -0.0157997          0.000884241         -9.11691e-05          1.25521e-05          1.15905e-05         -0.000128613           0.00117694 
                 8.6              4.98248           -0.0157997          0.000884241         -9.11691e-05          1.25521e-05          1.15872e-05         -0.000128556           0.00117617 
                 8.8              4.98248           -0.0157997          0.000884241         -9.11691e-05          1.25521e-05          1.15872e-05         -0.000128556           0.00117617 
                   9              4.98248           -0.0157997          0.000884241         -9.11691e-05          1.25521e-05          1.15872e-05         -0.000128556           0.00117617 
                 9.2              4.98248           -0.0157997          0.000884241         -9.11691e-05          1.25521e-05          1.15872e-05         -0.000128556           0.00117617 
                 9.4              4.98248           -0.0157997          0.000884241         -9.11691e-05          1.25521e-05          1.15872e-05         -0.000128556           0.00117617 
                 9.6              4.98248           -0.0157997          0.000884241         -9.11691e-05          1.25521e-05          1.15872e-05         -0.000128556           0.00117617 
                 9.8              4.98248           -0.0157997          0.000884241         -9.11691e-05          1.25521e-05          1.15872e-05         -0.000128556           0.00117617 
                  10              4.98248           -0.0157997          0.000884241         -9.11691e-05          1.25521e-05          1.15872e-05         -0.000128556           0.00117617 
