                  dY                   K1                K2/K1                K3/K1                K4/K2                K5/K1                K6/K2                K7/K1                K8/K2 
                 0.2              5.00968             0.990639             0.972188             0.944936             0.866249             0.740345             0.487447            0.0518796 
                 0.4              10.0097             0.981707              0.94616             0.894441             0.750549             0.529529             0.125697            -0.491327 
                 0.6              14.9903             0.973349             0.922254             0.848978             0.652199             0.361921            -0.119174            -0.757097 
                 0.8              19.9415             0.965581             0.900424             0.808277             0.568968             0.229758              -0.2787            -0.845214 
                   1              24.8534             0.958331             0.880399             0.771662              0.49811             0.125409            -0.377773            -0.824441 
                 1.2              29.7158             0.951504             0.861846             0.738389             0.437126            0.0426198             -0.43419            -0.738919 
                 1.4              34.5185             0.945008             0.844476             0.707836              0.38407           -0.0232629            -0.460189            -0.616617 
                 1.6              39.2512             0.938779              0.82808              0.67955             0.337538           -0.0755936            -0.464268            -0.475744 
                 1.8              43.9038             0.932777             0.812522             0.653223             0.296525            -0.116834             -0.45255            -0.328587 
                   2               48.466             0.926979             0.797716             0.628648             0.260293            -0.148861            -0.429614            -0.183594 
                 2.2              52.9276             0.921372             0.783607             0.605684             0.228271            -0.173176            -0.398991           -0.0465295 
                 2.4              57.2781             0.915951             0.770167             0.584229             0.199999            -0.191026            -0.363446            0.0788361 
                 2.6              61.5071             0.910718             0.757376             0.564205             0.175085            -0.203475            -0.325151             0.190265 
                 2.8              65.6043             0.905677             0.745222             0.545549             0.153185            -0.211444            -0.285797             0.286695 
                   3              69.5601             0.900831             0.733701             0.528202              0.13399             -0.21574            -0.246676             0.367976 
                 3.2              73.3658             0.896186             0.722804             0.512112             0.117219            -0.217066             -0.20875             0.434624 
                 3.4              77.0142             0.891748             0.712526             0.497223              0.10261            -0.216033            -0.172695             0.487638 
                 3.6              80.5002             0.887518             0.702856             0.483477            0.0899222            -0.213169            -0.138952             0.528321 
                 3.8               83.821               0.8835             0.693776             0.470809            0.0789286            -0.208922            -0.107774             0.558136 
                   4              86.9752              0.87969             0.685271             0.459157            0.0694229             -0.20367            -0.079269             0.578588 
                 4.2              89.9629             0.876088             0.677317             0.448453            0.0612191            -0.197724           -0.0534347             0.591142 
                 4.4              92.7851             0.872689             0.669896             0.438637            0.0541495            -0.191341           -0.0301972             0.597169 
                 4.6              95.4426             0.869492             0.662985              0.42965            0.0480678            -0.184729          -0.00943579             0.597917 
                 4.8              97.9363             0.866496             0.656571             0.421441            0.0428482            -0.178056           0.00899645               0.5945 
                   5              100.267             0.863698             0.650636             0.413963            0.0383787            -0.171458            0.0252636             0.587905 
                 5.2              102.434             0.861098             0.645169             0.407177            0.0345652            -0.165047            0.0395324             0.578994 
                 5.4              104.439             0.858694             0.640159             0.401047            0.0313237            -0.158908            0.0519759             0.568514 
                 5.6              106.281             0.856489             0.635596             0.395538            0.0285829            -0.153107            0.0627582             0.557091 
                 5.8              107.963             0.854479             0.631467              0.39062            0.0262774            -0.147698            0.0720445             0.545264 
                   6              109.486             0.852663              0.62776             0.386257            0.0243492            -0.142713            0.0799935              0.53346 
                 6.2              110.854             0.851034             0.624456             0.382411            0.0227439            -0.138176            0.0867532             0.522019 
                 6.4              112.073             0.849585              0.62153             0.379041            0.0214085            -0.134096            0.0924717             0.511195 
                 6.6              113.152             0.848302             0.618956               0.3761            0.0202942            -0.130471            0.0972864             0.501154 
                 6.8              114.099             0.847172             0.616696             0.373535            0.0193519            -0.127287             0.101327              0.49199 
                   7              114.928             0.846178             0.614711             0.371287             0.018536            -0.124524             0.104715             0.483735 
                 7.2              115.651               0.8453             0.612962             0.369302            0.0178081            -0.122148             0.107563             0.476369 
                 7.4              116.282             0.844519             0.611403             0.367525             0.017132            -0.120122             0.109972             0.469824 
                 7.6              116.835             0.843816             0.609997             0.365905            0.0164808            -0.118403             0.112033             0.464015 
                 7.8              117.325             0.843172             0.608707             0.364402            0.0158361            -0.116942              0.11382             0.458834 
                   8              117.764             0.842575             0.607506             0.362981             0.015187             -0.11569             0.115404             0.454159 
                 8.2              118.167             0.842009             0.606367              0.36162             0.014535            -0.114593             0.116837             0.449865 
                 8.4              118.546             0.841466             0.605271             0.360298             0.013883            -0.113589             0.118172             0.445802 
                 8.6               118.91             0.840941             0.604208             0.359015            0.0132459             -0.11264             0.119432             0.441874 
                 8.8              119.255              0.84044             0.603196             0.357794            0.0126397            -0.111746             0.120602             0.438111 
                   9              119.574             0.839977             0.602263             0.356669            0.0120831            -0.110925             0.121654             0.434594 
                 9.2              119.856             0.839567             0.601437             0.355674            0.0115927            -0.110204             0.122559             0.431437 
                 9.4              120.092             0.839222             0.600743             0.354839            0.0111831            -0.109603             0.123296              0.42875 
                 9.6              120.279              0.83895             0.600196             0.354181            0.0108611             -0.10913             0.123866             0.426601 
                 9.8              120.418             0.838749             0.599791             0.353695            0.0106252             -0.10878             0.124278             0.424993 
                  10              120.513              0.83861             0.599513             0.353362            0.0104646            -0.108538             0.124558              0.42388 
                10.2              120.574             0.838522             0.599337             0.353152            0.0103643            -0.108382             0.124735             0.423163 
                10.4               120.61              0.83847             0.599233             0.353028            0.0103061            -0.108289             0.124838             0.422738 
                10.6              120.629             0.838442             0.599177             0.352962             0.010275            -0.108238             0.124895             0.422511 
                10.8              120.639             0.838428              0.59915              0.35293            0.0102602            -0.108213             0.124923             0.422397 
                  11              120.643             0.838423             0.599138             0.352915            0.0102539            -0.108201             0.124936             0.422344 
                11.2              120.645              0.83842             0.599133             0.352909            0.0102518            -0.108196              0.12494             0.422323 
                11.4              120.645             0.838419             0.599131             0.352907            0.0102506            -0.108194             0.124942             0.422316 
                11.6              120.646             0.838419             0.599131             0.352907            0.0102504            -0.108194             0.124943             0.422313 
                11.8              120.646             0.838419              0.59913             0.352906            0.0102505            -0.108194             0.124943             0.422313 
                  12              120.646             0.838419              0.59913             0.352906            0.0102505            -0.108194             0.124943             0.422312 
                12.2              120.646             0.838419              0.59913             0.352906            0.0102505            -0.108194             0.124943             0.422312 
                12.4              120.646             0.838419              0.59913             0.352906            0.0102506            -0.108194             0.124943             0.422312 
                12.6              120.646             0.838419              0.59913             0.352906            0.0102506            -0.108194             0.124943             0.422312 
                12.8              120.646             0.838419              0.59913             0.352906            0.0102506            -0.108194             0.124943             0.422312 
                  13              120.646             0.838419              0.59913             0.352906            0.0102506            -0.108194             0.124943             0.422312 
                13.2              120.646             0.838419              0.59913             0.352906            0.0102506            -0.108194             0.124943             0.422312 
                13.4              120.646             0.838419              0.59913             0.352906            0.0102506            -0.108194             0.124943             0.422312 
                13.6              120.646             0.838419              0.59913             0.352906            0.0102506            -0.108194             0.124943             0.422312 
                13.8              120.646             0.838419              0.59913             0.352906            0.0102506            -0.108194             0.124943             0.422312 
                  14              120.646                 -nan                 -nan                 -nan                 -nan                 -nan                 -nan                 -nan 
