                  dY                  C~1              C~2/C~1              C~3/C~1              C~4/C~1              C~5/C~1              C~6/C~1              C~7/C~1              C~8/C~1 
                 0.2              1.60709          -0.00297825          3.05927e-05         -1.17008e-05          5.36971e-05          -0.00030609           0.00203699           -0.0155285 
                 0.4              3.21092          -0.00586929          0.000108977         -9.16671e-06          2.92137e-05         -0.000170799           0.00114748          -0.00872531 
                 0.6              4.80818          -0.00862621          0.000232565         -8.28378e-06         -1.43476e-05          9.00441e-05         -0.000612807           0.00470675 
                 0.8              6.39557            -0.011228          0.000397369         -2.95372e-05          2.10336e-05         -8.82049e-05          0.000468885           -0.0027412 
                   1              7.96974            -0.013675          0.000589242         -4.71263e-05          1.58574e-05         -6.44766e-05          0.000425469          -0.00318585 
                 1.2              9.52729           -0.0159859          0.000808391         -8.23928e-05          6.87702e-05          -0.00038678           0.00281323           -0.0230239 
                 1.4              11.0649           -0.0181824           0.00104867         -0.000115823          5.56776e-05         -0.000214443           0.00132237          -0.00953606 
                 1.6               12.579           -0.0202801           0.00130419         -0.000146257          1.18025e-05          6.96387e-05         -0.000499018           0.00378216 
                 1.8              14.0663            -0.022296           0.00158172         -0.000202692          5.66836e-05         -0.000130646          0.000855085          -0.00682135 
                   2              15.5233           -0.0242358            0.0018721         -0.000256711          5.12831e-05         -1.57866e-06         -0.000149052           0.00162685 
                 2.2              16.9466           -0.0261052           0.00217656         -0.000323012          7.83508e-05         -7.90717e-05          0.000449232          -0.00375798 
                 2.4              18.3328           -0.0279063           0.00249408         -0.000405597          0.000151431         -0.000392415           0.00252647           -0.0197082 
                 2.6              19.6786           -0.0296375           0.00281593         -0.000476628          0.000131325         -0.000118998          0.000500317          -0.00326602 
                 2.8              20.9808           -0.0312997           0.00314456         -0.000557004          0.000132334          2.87621e-05         -0.000534528           0.00436237 
                   3              22.2367            -0.032891           0.00347705         -0.000647857          0.000168606           -3.399e-05          -7.9601e-05          0.000240465 
                 3.2              23.4442           -0.0344128            0.0038148         -0.000755838          0.000254601         -0.000314016           0.00156345           -0.0114764 
                 3.4              24.6016           -0.0358611           0.00414594         -0.000846425          0.000241534         -1.26821e-05         -0.000689249            0.0066725 
                 3.6              25.7081           -0.0372375           0.00447551         -0.000951038           0.00029784         -0.000157146          0.000369253          -0.00277718 
                 3.8              26.7634           -0.0385438           0.00480067          -0.00105508          0.000326859         -6.31775e-05         -0.000560485           0.00551479 
                   4              27.7677           -0.0397802           0.00511964          -0.00116522          0.000392273         -0.000220717          0.000470583          -0.00306894 
                 4.2              28.7217           -0.0409488           0.00543026          -0.00127132          0.000430026         -0.000188732          0.000133232         -0.000762126 
                 4.4              29.6262           -0.0420516           0.00573344          -0.00138321           0.00049559         -0.000291408          0.000531743          -0.00276303 
                 4.6              30.4819           -0.0430892           0.00602366          -0.00148333          0.000516486         -0.000175871         -0.000275414           0.00265161 
                 4.8              31.2895           -0.0440646           0.00630553          -0.00158997          0.000569549         -0.000210634         -0.000270146           0.00311712 
                   5              32.0494           -0.0449788           0.00657695          -0.00169754          0.000632755         -0.000291542           1.4161e-05           0.00137819 
                 5.2              32.7618           -0.0458306           0.00683301          -0.00179443          0.000665837         -0.000229886         -0.000549564           0.00570056 
                 5.4              33.4267           -0.0466224           0.00707848          -0.00189958          0.000754768         -0.000495761            0.0010987          -0.00709727 
                 5.6              34.0442           -0.0473539           0.00730847          -0.00199283          0.000794788          -0.00044712           0.00043646         -0.000915363 
                 5.8              34.6144           -0.0480245           0.00752177          -0.00207758          0.000822499          -0.00037314         -0.000177033           0.00339422 
                   6              35.1376           -0.0486348           0.00772011          -0.00216513          0.000898395         -0.000623669           0.00153172           -0.0107364 
                 6.2              35.6146           -0.0491874           0.00790256          -0.00224203          0.000928833         -0.000549791          0.000702274          -0.00323998 
                 6.4              36.0467           -0.0496823           0.00806772          -0.00231243           0.00096387          -0.00055389          0.000582111          -0.00220215 
                 6.6              36.4356            -0.050123           0.00821792          -0.00238161            0.0010194         -0.000687857           0.00132418          -0.00767806 
                 6.8              36.7837            -0.050512           0.00835069          -0.00243721           0.00103612         -0.000615442          0.000704502          -0.00281727 
                   7              37.0943           -0.0508537           0.00846785          -0.00248375           0.00103557          -0.00045961         -0.000476333           0.00649469 
                 7.2              37.3708           -0.0511547           0.00857396          -0.00253304           0.00107113         -0.000524755         -0.000164303           0.00429035 
                 7.4              37.6173           -0.0514204           0.00867011          -0.00258277           0.00112634         -0.000706534          0.000910988          -0.00370635 
                 7.6              37.8379           -0.0516546           0.00875336          -0.00262072           0.00115286         -0.000765898           0.00129237          -0.00690841 
                 7.8              38.0371           -0.0518655           0.00882665          -0.00264291           0.00110691         -0.000380504          -0.00145963            0.0147223 
                   8              38.2192           -0.0520595           0.00889796          -0.00268269           0.00116855         -0.000664006          0.000480047         -0.000787868 
                 8.2               38.389           -0.0522424           0.00896423          -0.00271452           0.00119208         -0.000700396          0.000583997          -0.00100781 
                 8.4              38.5516           -0.0524214           0.00902952          -0.00274672           0.00121687         -0.000737891          0.000689357          -0.00138829 
                 8.6              38.7095           -0.0525984           0.00909263          -0.00277519           0.00123139          -0.00073829           0.00063346         -0.000964045 
                 8.8               38.861           -0.0527729           0.00915526          -0.00280496           0.00125258         -0.000777817          0.000867795          -0.00307458 
                   9              39.0017           -0.0529386           0.00921235          -0.00282568           0.00124114         -0.000647234          2.54685e-06           0.00317893 
                 9.2              39.1271           -0.0530913           0.00926749          -0.00285544           0.00127861         -0.000782804          0.000800052          -0.00246264 
                 9.4              39.2328           -0.0532235           0.00931375           -0.0028745           0.00127713         -0.000706834          0.000246018            0.0016365 
                 9.6              39.3166           -0.0533306           0.00935121          -0.00289234           0.00129361         -0.000766098          0.000678455          -0.00209038 
                 9.8              39.3786           -0.0534123           0.00938043          -0.00290638            0.0012996         -0.000736198          0.000310908           0.00162276 
                  10              39.4212           -0.0534692            0.0094006          -0.00291799           0.00132174         -0.000858364           0.00122005          -0.00599473 
                10.2              39.4482           -0.0535058           0.00941311           -0.0029218           0.00131241         -0.000778899          0.000648637          -0.00156641 
                10.4              39.4639           -0.0535268           0.00941952          -0.00292131           0.00129585         -0.000673141            -8.06e-05           0.00416422 
                10.6              39.4723           -0.0535388           0.00942462           -0.0029271           0.00131507         -0.000775909            0.0005989          -0.00105731 
                10.8              39.4763           -0.0535443           0.00942644           -0.0029277           0.00131424         -0.000765839          0.000502788         -8.44985e-05 
                  11              39.4781           -0.0535471           0.00942803          -0.00293047           0.00132485         -0.000822921          0.000876547          -0.00292923 
                11.2              39.4787            -0.053548           0.00942863          -0.00293244           0.00133584         -0.000894402           0.00139878          -0.00719189 
                11.4               39.479           -0.0535483           0.00942844          -0.00293069           0.00132553         -0.000828722          0.000930364          -0.00345006 
                11.6               39.479           -0.0535484           0.00942847          -0.00293079           0.00132607         -0.000831583          0.000943429          -0.00348105 
                11.8              39.4791           -0.0535484           0.00942843          -0.00293055           0.00132481         -0.000824072          0.000892725          -0.00309428 
                  12              39.4791           -0.0535484           0.00942853          -0.00293082           0.00132569          -0.00082756          0.000908239          -0.00316695 
                12.2              39.4791           -0.0535484           0.00942846          -0.00293053           0.00132421         -0.000818461          0.000843164          -0.00263731 
                12.4              39.4791           -0.0535484           0.00942849          -0.00293069           0.00132516         -0.000824454          0.000885993          -0.00298111 
                12.6              39.4791           -0.0535484           0.00942849          -0.00293071           0.00132525         -0.000825052          0.000890316          -0.00301611 
                12.8              39.4791           -0.0535484           0.00942849          -0.00293071           0.00132525         -0.000825052          0.000890316          -0.00301611 
                  13              39.4791           -0.0535484           0.00942849          -0.00293071           0.00132525         -0.000825052          0.000890316          -0.00301611 
                13.2              39.4791           -0.0535484           0.00942849          -0.00293071           0.00132525         -0.000825052          0.000890316          -0.00301611 
                13.4              39.4791           -0.0535484           0.00942849          -0.00293071           0.00132525         -0.000825052          0.000890316          -0.00301611 
                13.6              39.4791           -0.0535484           0.00942849          -0.00293071           0.00132525         -0.000825052          0.000890316          -0.00301611 
                13.8              39.4791           -0.0535484           0.00942849          -0.00293071           0.00132525         -0.000825052          0.000890316          -0.00301611 
                  14              39.4791           -0.0535484           0.00942849          -0.00293071           0.00132525         -0.000825052          0.000890316          -0.00301611 
