                  dY                   K1                K2/K1                K3/K1                K4/K2                K5/K1                K6/K2                K7/K1                K8/K2 
                 0.2              1.96098             0.993446             0.980479             0.961259             0.905144              0.81444             0.627454             0.296121 
                 0.4              3.90406             0.987165             0.962036             0.925226              0.82054              0.65641              0.33973            -0.177368 
                 0.6              5.81181             0.981281             0.944989             0.892423             0.746627             0.524766             0.124126            -0.474303 
                 0.8              7.66773             0.975845              0.92945             0.862975             0.682858             0.416587            -0.033813            -0.644361 
                   1              9.45672             0.970864             0.915387             0.836715             0.628122             0.328211            -0.147576            -0.727612 
                 1.2              11.1655             0.966313             0.902691             0.813347              0.58115             0.256074            -0.228315            -0.753639 
                 1.4               12.783             0.962162             0.891238             0.792553             0.540775             0.197117            -0.284645            -0.743241 
                 1.6              14.3007             0.958383             0.880917             0.774062             0.506023             0.148869            -0.323025            -0.710733 
                 1.8              15.7127             0.954949             0.871635             0.757641             0.476096              0.10936            -0.348276            -0.665875 
                   2              17.0161             0.951845             0.863314             0.743092             0.450331            0.0770011            -0.364007            -0.615245 
                 2.2              18.2107             0.949047             0.855877             0.730232             0.428162            0.0504922             -0.37293            -0.563165 
                 2.4               19.299             0.946536              0.84925             0.718892             0.409091             0.028757            -0.377074            -0.512349 
                 2.6              20.2855             0.944286             0.843357             0.708903             0.392671             0.010894            -0.377949            -0.464384 
                 2.8              21.1763             0.942275             0.838121             0.700104              0.37851          -0.00383991            -0.376655            -0.420076 
                   3              21.9782             0.940477             0.833469             0.692351             0.366261            -0.016055            -0.373989            -0.379737 
                 3.2              22.6983             0.938872             0.829333             0.685507             0.355632           -0.0262471            -0.370519            -0.343375 
                 3.4              23.3436             0.937437             0.825655             0.679455             0.346377           -0.0348063            -0.366637            -0.310823 
                 3.6              23.9204             0.936157             0.822382             0.674098             0.338293           -0.0420437            -0.362615            -0.281834 
                 3.8              24.4346             0.935012             0.819468             0.669355             0.331217           -0.0481991            -0.358638            -0.256135 
                   4              24.8918             0.933991             0.816876             0.665149             0.325008           -0.0534685            -0.354829            -0.233434 
                 4.2              25.2976             0.933079             0.814568             0.661417             0.319542           -0.0580133            -0.351263            -0.213417 
                 4.4              25.6573             0.932263             0.812506             0.658091             0.314707            -0.061977            -0.347987            -0.195779 
                 4.6              25.9765             0.931528             0.810653             0.655107              0.31039           -0.0654842             -0.34502            -0.180203 
                 4.8              26.2605             0.930865             0.808977             0.652407             0.306498           -0.0686406            -0.342362            -0.166383 
                   5              26.5146             0.930256             0.807446             0.649941             0.302949           -0.0715266            -0.339991            -0.154042 
                 5.2              26.7434             0.929693             0.806029             0.647659             0.299669           -0.0742096            -0.337876            -0.142916 
                 5.4              26.9513             0.929168             0.804705             0.645522             0.296597           -0.0767465            -0.335986            -0.132768 
                 5.6              27.1424             0.928667             0.803446             0.643487             0.293673           -0.0791863            -0.334277             -0.12336 
                 5.8              27.3207             0.928187             0.802234             0.641525             0.290851           -0.0815613            -0.332701            -0.114491 
                   6              27.4881             0.927719              0.80106             0.639622             0.288116           -0.0838826            -0.331242             -0.10608 
                 6.2              27.6429             0.927274             0.799938             0.637805             0.285499           -0.0861232            -0.329919           -0.0982348 
                 6.4              27.7814             0.926862             0.798902             0.636119             0.283071           -0.0882286            -0.328772           -0.0911457 
                 6.6              27.9001             0.926497             0.797983             0.634623             0.280912           -0.0901218            -0.327822           -0.0850135 
                 6.8              27.9967             0.926192             0.797213             0.633368               0.2791           -0.0917256            -0.327077           -0.0799897 
                   7              28.0706             0.925952              0.79661             0.632382             0.277677           -0.0929946            -0.326519           -0.0761107 
                 7.2              28.1236             0.925778             0.796171             0.631664              0.27664           -0.0939224            -0.326122           -0.0733089 
                 7.4              28.1591             0.925661             0.795875              0.63118             0.275941           -0.0945485            -0.325857           -0.0714312 
                 7.6              28.1811             0.925588             0.795692              0.63088             0.275506            -0.094936            -0.325691           -0.0702633 
                 7.8              28.1936             0.925546             0.795586             0.630709              0.27526           -0.0951541            -0.325592           -0.0695941 
                   8              28.2002             0.925524             0.795531              0.63062             0.275132           -0.0952678            -0.325539           -0.0692421 
                 8.2              28.2034             0.925514             0.795506             0.630577             0.275071           -0.0953211            -0.325513           -0.0690737 
                 8.4              28.2048             0.925509             0.795494             0.630559             0.275044           -0.0953447            -0.325502           -0.0690008 
                 8.6              28.2054             0.925507              0.79549             0.630552             0.275034           -0.0953531            -0.325497           -0.0689708 
                 8.8              28.2056             0.925507             0.795488             0.630549             0.275031            -0.095356            -0.325495           -0.0689611 
                   9              28.2056             0.925507             0.795488             0.630548             0.275029            -0.095357            -0.325494           -0.0689578 
                 9.2              28.2056             0.925507             0.795488             0.630548             0.275029           -0.0953571            -0.325494           -0.0689572 
                 9.4              28.2056             0.925507             0.795488             0.630548             0.275029           -0.0953573            -0.325494           -0.0689571 
                 9.6              28.2056             0.925507             0.795488             0.630548             0.275029           -0.0953574            -0.325494           -0.0689571 
                 9.8              28.2056             0.925507             0.795488             0.630548             0.275029           -0.0953574            -0.325494           -0.0689571 
                  10              28.2056             0.925507             0.795488             0.630548             0.275029           -0.0953574            -0.325494           -0.0689571 
                10.2              28.2056             0.925507             0.795488             0.630548             0.275029           -0.0953574            -0.325494           -0.0689571 
                10.4              28.2056             0.925507             0.795488             0.630548             0.275029           -0.0953574            -0.325494           -0.0689571 
                10.6              28.2056             0.925507             0.795488             0.630548             0.275029           -0.0953574            -0.325494           -0.0689571 
                10.8              28.2056             0.925507             0.795488             0.630548             0.275029           -0.0953574            -0.325494           -0.0689571 
                  11              28.2056             0.925507             0.795488             0.630548             0.275029           -0.0953574            -0.325494           -0.0689571 
                11.2              28.2056                 -nan                 -nan                 -nan                 -nan                 -nan                 -nan                 -nan 
                11.4              28.2056                 -nan                 -nan                 -nan                 -nan                 -nan                 -nan                 -nan 
                11.6              28.2056                 -nan                 -nan                 -nan                 -nan                 -nan                 -nan                 -nan 
                11.8              28.2056                 -nan                 -nan                 -nan                 -nan                 -nan                 -nan                 -nan 
                  12              28.2056                 -nan                 -nan                 -nan                 -nan                 -nan                 -nan                 -nan 
