                  dY                   K1                K2/K1                K3/K1                K4/K2                K5/K1                K6/K2                K7/K1                K8/K2 
                 0.2              2.78899              1.97842             0.947013             0.933923             0.748304             0.691151            0.0641302            -0.103457 
                 0.4              5.62169              1.93408             0.896884             0.871957             0.534079             0.439915            -0.531099            -0.690205 
                 0.6              8.54051              1.88358              0.84988             0.814045             0.353675             0.237614            -0.876306            -0.929541 
                 0.8              11.5853              1.82811             0.805854             0.759686             0.202071            0.0752271             -1.04579            -0.945344 
                   1              14.7919              1.76885             0.764361             0.708109            0.0741445           -0.0551346             -1.09382            -0.820324 
                 1.2              18.1907              1.70701             0.724863             0.658508            -0.034393            -0.159425             -1.05707            -0.607186 
                 1.4              21.8053              1.64378             0.686888             0.610217            -0.126671            -0.241626            -0.960005            -0.340594 
                 1.6              25.6513              1.58028             0.650098             0.562796            -0.204787            -0.304208            -0.819977           -0.0460259 
                 1.8              29.7359               1.5175             0.614299             0.516026            -0.270118            -0.348713            -0.650681             0.255351 
                   2              34.0573              1.45627             0.579411             0.469875            -0.323645            -0.376272            -0.463866             0.544862 
                 2.2              38.6052              1.39726             0.545431             0.424448            -0.366183            -0.387942            -0.269934             0.806161 
                 2.4              43.3613              1.34093             0.512411             0.379941            -0.398523            -0.384924           -0.0779613              1.02585 
                 2.6              48.3009              1.28759             0.480423             0.336599            -0.421491            -0.368641             0.104452              1.19412 
                 2.8              53.3938               1.2374             0.449554             0.294688            -0.435985            -0.340752             0.271368              1.30517 
                   3              58.6056              1.19039             0.419891             0.254469            -0.442954            -0.303103             0.418565              1.35726 
                 3.2              63.8994              1.14654             0.391518             0.216179            -0.443388            -0.257649             0.543496              1.35235 
                 3.4              69.2366              1.10574             0.364505             0.180018            -0.438285             -0.20636             0.645136               1.2954 
                 3.6              74.5784              1.06788             0.338913              0.14614            -0.428624            -0.151141              0.72374              1.19355 
                 3.8              79.8862              1.03281             0.314783             0.114651            -0.415341           -0.0937514             0.780573              1.05522 
                   4              85.1222              1.00038             0.292145            0.0856121            -0.399308           -0.0357618             0.817608             0.889323 
                 4.2              90.2492             0.970467             0.271012            0.0590427            -0.381323            0.0214742             0.837276             0.704605 
                 4.4              95.2301             0.942946             0.251386            0.0349304            -0.362104            0.0768206             0.842242             0.509238 
                 4.6              100.027             0.917731             0.233266            0.0132386            -0.342295             0.129348             0.835239             0.310558 
                 4.8              104.601             0.894748             0.216645          -0.00609269            -0.322459              0.17833             0.818956             0.114896 
                   5              108.917             0.873928             0.201505            -0.023152            -0.303075             0.223247             0.795922           -0.0725707 
                 5.2              112.942             0.855209             0.187821           -0.0380481            -0.284542             0.263773              0.76845            -0.247851 
                 5.4              116.646             0.838531             0.175559           -0.0509072            -0.267178              0.29975             0.738567             -0.40809 
                 5.6              120.004             0.823837             0.164677           -0.0618673             -0.25123             0.331164             0.708014            -0.551454 
                 5.8              122.995             0.811076             0.155127            -0.071074            -0.236881             0.358119             0.678239            -0.677018 
                   6              125.594             0.800224             0.146894           -0.0786469            -0.224301             0.380716             0.650483            -0.784158 
                 6.2               127.78             0.791263             0.139983           -0.0847004            -0.213632             0.399078             0.625779            -0.872588 
                 6.4              129.545             0.784126             0.134376           -0.0893741            -0.204933             0.413449             0.604852            -0.942769 
                 6.6              130.906             0.778682             0.130013           -0.0928408             -0.19816             0.424223             0.588061            -0.996029 
                 6.8              131.902             0.774733             0.126779           -0.0952965            -0.193156             0.431915             0.575372             -1.03446 
                   7              132.588              0.77203             0.124511           -0.0969484            -0.189672             0.437119             0.566391             -1.06069 
                 7.2              133.031             0.770297             0.123018            -0.097997            -0.187401             0.440436             0.560473             -1.07755 
                 7.4              133.297             0.769262             0.122101           -0.0986212            -0.186024             0.442416             0.556862             -1.08768 
                 7.6              133.446             0.768691             0.121579           -0.0989666            -0.185252             0.443516             0.554831             -1.09333 
                 7.8              133.521             0.768402             0.121305           -0.0991434            -0.184854             0.444081             0.553786             -1.09625 
                   8              133.557             0.768268             0.121173            -0.099226            -0.184668             0.444346             0.553296             -1.09763 
                 8.2              133.572             0.768213             0.121116           -0.0992612            -0.184588             0.444459             0.553088             -1.09822 
                 8.4              133.577             0.768192             0.121094           -0.0992745            -0.184558             0.444502             0.553009             -1.09845 
                 8.6              133.579             0.768185             0.121086           -0.0992794            -0.184547             0.444518             0.552982             -1.09853 
                 8.8               133.58             0.768183             0.121083           -0.0992807            -0.184544             0.444522             0.552974             -1.09855 
                   9               133.58             0.768182             0.121083           -0.0992811            -0.184543             0.444524             0.552971             -1.09856 
                 9.2               133.58             0.768182             0.121083           -0.0992812            -0.184543             0.444524             0.552971             -1.09856 
                 9.4               133.58             0.768182             0.121083           -0.0992812            -0.184543             0.444524             0.552971             -1.09856 
                 9.6               133.58             0.768182             0.121083           -0.0992813            -0.184543             0.444524             0.552971             -1.09856 
                 9.8               133.58             0.768182             0.121083           -0.0992813            -0.184543             0.444524             0.552971             -1.09856 
                  10               133.58             0.768182             0.121083           -0.0992813            -0.184543             0.444524             0.552971             -1.09856 
                10.2               133.58             0.768182             0.121083           -0.0992813            -0.184543             0.444524             0.552971             -1.09856 
                10.4               133.58             0.768182             0.121083           -0.0992813            -0.184543             0.444524             0.552971             -1.09856 
                10.6               133.58             0.768182             0.121083           -0.0992813            -0.184543             0.444524             0.552971             -1.09856 
                10.8               133.58             0.768182             0.121083           -0.0992813            -0.184543             0.444524             0.552971             -1.09856 
                  11               133.58             0.768182             0.121083           -0.0992813            -0.184543             0.444524             0.552971             -1.09856 
                11.2               133.58             0.768182             0.121083           -0.0992813            -0.184543             0.444524             0.552971             -1.09856 
                11.4               133.58             0.768182             0.121083           -0.0992813            -0.184543             0.444524             0.552971             -1.09856 
                11.6               133.58             0.768182             0.121083           -0.0992813            -0.184543             0.444524             0.552971             -1.09856 
                11.8               133.58             0.768182             0.121083           -0.0992813            -0.184543             0.444524             0.552971             -1.09856 
                  12               133.58             0.768182             0.121083           -0.0992813            -0.184543             0.444524             0.552971             -1.09856 
