            dY             K1          K2/K1          K3/K1          K4/K2          K5/K1          K6/K2          K7/K1          K8/K2 
           0.2       0.848697        10.5909       0.950206       0.949137       0.760911       0.758304      0.0878107       0.100905 
           0.4        1.71552        10.3324       0.903512       0.902246       0.554149       0.557582      -0.548314      -0.457273 
           0.6        2.61879        10.0159       0.860377       0.859707       0.377353       0.393542      -0.975803      -0.771688 
           0.8        3.57716        9.64949       0.820533       0.821189       0.225527       0.259624       -1.25394      -0.921801 
             1        4.60963        9.24215       0.783332       0.785968      0.0934501       0.149202       -1.42437       -0.96332 
           1.2        5.73558        8.80341         0.7481       0.753264     -0.0229195      0.0568995       -1.51251      -0.931882 
           1.4        6.97452        8.34339       0.714314       0.722431      -0.126191     -0.0211376       -1.53353      -0.849847 
           1.6        8.34573         7.8724       0.681664       0.693006      -0.217849      -0.087504       -1.49754      -0.731874 
           1.8        9.86815        7.39985       0.649968       0.664676      -0.298733       -0.14394        -1.4128      -0.588359 
             2        11.5595        6.93424       0.619152        0.63723      -0.369394      -0.191639       -1.28715      -0.427253 
           2.2        13.4361        6.48258       0.589178       0.610532      -0.430269      -0.231454       -1.12838      -0.255038 
           2.4         15.512        6.05026       0.560054       0.584493       -0.48178      -0.264022      -0.944274     -0.0772474 
           2.6        17.7983        5.64124       0.531787       0.559058        -0.5244       -0.28984      -0.742426       0.101226 
           2.8        20.3027        5.25805       0.504404         0.5342       -0.55864      -0.309319      -0.530062       0.275956 
             3         23.029        4.90197       0.477928       0.509915      -0.585059      -0.322823      -0.313791       0.442904 
           3.2         25.977        4.57335       0.452393       0.486213      -0.604269      -0.330695     -0.0995075       0.598428 
           3.4        29.1428        4.27163       0.427813       0.463116      -0.616893      -0.333282       0.107753       0.739298 
           3.6        32.5188        3.99581       0.404208       0.440649      -0.623585      -0.330941       0.303902       0.862783 
           3.8        36.0948        3.74434       0.381581       0.418841      -0.624986      -0.324047       0.485753       0.966667 
             4        39.8578        3.51556       0.359934       0.397722      -0.621728      -0.312993       0.651007        1.04929 
           4.2        43.7931        3.30763       0.339263       0.377319      -0.614415      -0.298191       0.798142        1.10955 
           4.4        47.8849        3.11868       0.319557       0.357659      -0.603604      -0.280059       0.926311        1.14693 
           4.6        52.1167         2.9469       0.300813       0.338769      -0.589829      -0.259035        1.03523        1.16145 
           4.8        56.4722        2.79055       0.283019       0.320671       -0.57357      -0.235549        1.12511        1.15364 
             5        60.9361          2.648        0.26617       0.303384      -0.555275      -0.210036        1.19653         1.1245 
           5.2        65.4936        2.51776       0.250256       0.286922      -0.535348       -0.18291        1.25037        1.07543 
           5.4        70.1307        2.39852       0.235264        0.27129      -0.514172      -0.154575        1.28781        1.00815 
           5.6        74.8345        2.28909       0.221176       0.256491      -0.492078      -0.125404        1.31012       0.924593 
           5.8        79.5912         2.1885       0.207981       0.242522      -0.469384     -0.0957524        1.31874       0.826905 
             6        84.3848        2.09592       0.195652       0.229378      -0.446376     -0.0659486        1.31517       0.717297 
           6.2        89.1958        2.01072       0.184161       0.217054      -0.423323     -0.0363056          1.301       0.598131 
           6.4        93.9986        1.93239       0.173482        0.20555      -0.400486    -0.00712628        1.27781       0.471811 
           6.6        98.7607        1.86061       0.163599       0.194864       -0.37811      0.0212758        1.24719       0.340905 
           6.8        103.441        1.79514       0.154484       0.185009       -0.35643      0.0486074         1.2108          0.208 
             7        107.991        1.73581       0.146119       0.175994      -0.335681      0.0745674        1.17026       0.075784 
           7.2        112.357        1.68252        0.13849       0.167828      -0.316082      0.0988625        1.12719     -0.0530432 
           7.4         116.48        1.63516       0.131594       0.160523      -0.297831       0.121234        1.08315      -0.175925 
           7.6        120.304         1.5936       0.125412       0.154072      -0.281105       0.141464        1.03963      -0.290498 
           7.8         123.78        1.55767       0.119933        0.14847      -0.266036        0.15941       0.997929      -0.394885 
             8        126.868        1.52713       0.115131       0.143684       -0.25271       0.174999       0.959176      -0.487689 
           8.2        129.545        1.50165       0.110973       0.139675       -0.24115       0.188261       0.924178      -0.568192 
           8.4        131.804        1.48089       0.107406       0.136375      -0.231327         0.1993       0.893491      -0.636314 
           8.6        133.654         1.4644       0.104379       0.133721      -0.223165       0.208279       0.867379      -0.692459 
           8.8        135.116        1.45171       0.101858       0.131639      -0.216569       0.215382       0.845911      -0.737347 
             9        136.229        1.44229      0.0998167       0.130057      -0.211412       0.220814       0.828903      -0.772004 
           9.2        137.039        1.43557      0.0982118       0.128893      -0.207531       0.224823       0.816002      -0.797759 
           9.4        137.602          1.431      0.0970061       0.128069       -0.20474       0.227652       0.806684      -0.816035 
           9.6        137.972        1.42806      0.0961465       0.127514      -0.202831       0.229548       0.800283      -0.828389 
           9.8        138.201        1.42626      0.0955632       0.127159      -0.201599       0.230757       0.796162      -0.836284 
            10        138.334        1.42524      0.0951983       0.126945      -0.200856       0.231474       0.793673      -0.840995 
          10.2        138.406         1.4247      0.0949813       0.126824      -0.200439       0.231877       0.792282      -0.843635 
          10.4        138.442        1.42443      0.0948646       0.126762      -0.200218       0.232086       0.791551      -0.845014 
          10.6        138.459        1.42431      0.0948059       0.126733      -0.200112       0.232186       0.791198      -0.845677 
          10.8        138.466        1.42427      0.0947793        0.12672      -0.200067       0.232229       0.791047      -0.845965 
            11        138.469        1.42425      0.0947688       0.126715      -0.200048       0.232246       0.790986      -0.846073 
          11.2         138.47        1.42424      0.0947647       0.126711      -0.200043       0.232253       0.790971      -0.846113 
          11.4         138.47        1.42424      0.0947631       0.126711      -0.200041       0.232255       0.790963      -0.846126 
          11.6         138.47        1.42424       0.094763       0.126711      -0.200041       0.232255       0.790959      -0.846128 
          11.8         138.47        1.42424      0.0947626       0.126711       -0.20004       0.232255       0.790959      -0.846132 
            12         138.47        1.42424      0.0947625       0.126711       -0.20004       0.232256       0.790959      -0.846132 
          12.2         138.47        1.42424      0.0947625       0.126711       -0.20004       0.232256       0.790959      -0.846131 
          12.4         138.47        1.42424      0.0947625       0.126711       -0.20004       0.232256       0.790959      -0.846132 
          12.6         138.47        1.42424      0.0947625       0.126711       -0.20004       0.232256       0.790959      -0.846132 
          12.8         138.47        1.42424      0.0947625       0.126711       -0.20004       0.232256       0.790959      -0.846132 
            13         138.47        1.42424      0.0947625       0.126711       -0.20004       0.232256       0.790959      -0.846132 
          13.2         138.47        1.42424      0.0947625       0.126711       -0.20004       0.232256       0.790959      -0.846132 
          13.4         138.47        1.42424      0.0947625       0.126711       -0.20004       0.232256       0.790959      -0.846132 
          13.6         138.47        1.42424      0.0947625       0.126711       -0.20004       0.232256       0.790959      -0.846132 
          13.8         138.47        1.42424      0.0947625       0.126711       -0.20004       0.232256       0.790959      -0.846132 
            14         138.47        1.42424      0.0947625       0.126711       -0.20004       0.232256       0.790959      -0.846132 
