            dY             K1          K2/K1          K3/K1          K4/K2          K5/K1          K6/K2          K7/K1          K8/K2 
           0.2         5.8378        1.97739       0.887431       0.861603       0.496401       0.401894      -0.613914      -0.748826 
           0.4        11.7723        1.89551       0.786206       0.740316       0.140569      0.0262731       -1.07377      -0.897646 
           0.6        17.8981        1.80972       0.695807       0.634115        -0.1048      -0.196116      -0.982311      -0.463809 
           0.8        24.3046        1.72126       0.614683       0.540081      -0.270856      -0.315884      -0.668434      0.0853849 
             1        31.0736        1.63113       0.540944       0.455286      -0.380055      -0.365986      -0.292675       0.563407 
           1.2        38.2754        1.54031       0.472949       0.377422      -0.447074      -0.366534      0.0701572       0.903179 
           1.4        45.9649        1.44979       0.409565       0.305014      -0.481273      -0.330081       0.383552        1.08354 
           1.6        54.1789        1.36058       0.350148       0.237344      -0.489039      -0.265537       0.628329        1.10398 
           1.8        62.9325         1.2736       0.294425       0.174249      -0.475369      -0.180392       0.795407       0.978272 
             2        72.2181        1.18962       0.242349       0.115932      -0.444692     -0.0817246       0.883665       0.732434 
           2.2        82.0054        1.10926       0.193989      0.0627974      -0.401198      0.0235544       0.898813       0.401866 
           2.4        92.2431        1.03293       0.149454      0.0153254       -0.34888       0.128852       0.851941      0.0267976 
           2.6        102.861       0.960867       0.108842     -0.0260235      -0.291451       0.228209       0.757547      -0.353015 
           2.8        113.775       0.893179      0.0722098     -0.0608757      -0.232219       0.316625       0.631397      -0.703074 
             3         124.89       0.829863      0.0395594     -0.0889879       -0.17397       0.390298       0.488578      -0.997296 
           3.2        136.105       0.770838      0.0108294       -0.11027      -0.118909       0.446724       0.342108       -1.21915 
           3.4        147.318       0.715983     -0.0141033      -0.124785     -0.0686395       0.484654       0.202145       -1.36096 
           3.6        158.426       0.665148     -0.0354177      -0.132741     -0.0241928       0.503964      0.0758135       -1.42218 
           3.8         169.33       0.618183     -0.0533435      -0.134477      0.0139054       0.505444     -0.0325735       -1.40728 
             4        179.937        0.57494     -0.0681505      -0.130443      0.0455482       0.490602      -0.121034       -1.32402 
           4.2        190.158       0.535283     -0.0801394      -0.121188      0.0709596       0.461469      -0.189391        -1.1822 
           4.4         199.91        0.49909     -0.0896312       -0.10735      0.0906053       0.420442      -0.238769      -0.992941 
           4.6        209.114       0.466254      -0.096957       -0.08965       0.105115       0.370138      -0.271164      -0.768178 
           4.8          217.7       0.436671      -0.102449     -0.0688814       0.115214       0.313275      -0.289105      -0.520202 
             5        225.609       0.410234      -0.106428      -0.045893       0.121672       0.252531      -0.295371      -0.261038 
           5.2        232.791       0.386827      -0.109197     -0.0215609       0.125241       0.190412      -0.292735    -0.00168742 
           5.4        239.215       0.366318      -0.111029     0.00324253       0.126621       0.129152      -0.283762       0.248459 
           5.6        244.864       0.348558      -0.112161      0.0276765       0.126426      0.0706718      -0.270666       0.481783 
           5.8        249.739       0.333376      -0.112799      0.0509693       0.125171      0.0165588      -0.255267       0.692376 
             6        253.844       0.320633      -0.113099      0.0723608       0.123277     -0.0317245      -0.239061       0.874906 
           6.2        257.191       0.310218      -0.113181      0.0911327       0.121098     -0.0728872      -0.223361          1.025 
           6.4        259.814       0.301992      -0.113134       0.106757       0.118926      -0.106157      -0.209259        1.14102 
           6.6        261.777       0.295762       -0.11303       0.119002       0.116982      -0.131491      -0.197519        1.22489 
           6.8        263.172       0.291273      -0.112916       0.127988       0.115402      -0.149582      -0.188483        1.28152 
             7        264.104       0.288219      -0.112822       0.134133       0.114232      -0.161672      -0.182068        1.31737 
           7.2        264.689       0.286273      -0.112759       0.138035       0.113441      -0.169218       -0.17787        1.33872 
           7.4         265.03       0.285117      -0.112723       0.140331       0.112952      -0.173608       -0.17534         1.3507 
           7.6        265.214       0.284481      -0.112706       0.141577       0.112677      -0.175976       -0.17394          1.357 
           7.8        265.306        0.28416      -0.112699       0.142198       0.112535      -0.177156      -0.173229         1.3601 
             8        265.347       0.284011      -0.112698       0.142481       0.112469      -0.177694        -0.1729         1.3615 
           8.2        265.364       0.283949      -0.112698       0.142599       0.112441      -0.177918      -0.172761        1.36208 
           8.4        265.371       0.283925      -0.112698       0.142643        0.11243      -0.178002      -0.172709         1.3623 
           8.6        265.373       0.283917      -0.112698       0.142657       0.112426      -0.178029      -0.172691        1.36237 
           8.8        265.374       0.283915      -0.112698       0.142661       0.112425      -0.178038      -0.172685         1.3624 
             9        265.374       0.283914      -0.112698       0.142663       0.112425       -0.17804      -0.172684         1.3624 
           9.2        265.374       0.283914      -0.112698       0.142663       0.112425       -0.17804      -0.172683         1.3624 
           9.4        265.374       0.283914      -0.112698       0.142663       0.112425       -0.17804      -0.172683         1.3624 
           9.6        265.374       0.283914      -0.112698       0.142663       0.112425       -0.17804      -0.172683         1.3624 
           9.8        265.374       0.283914      -0.112698       0.142663       0.112425       -0.17804      -0.172683         1.3624 
            10        265.374       0.283914      -0.112698       0.142663       0.112425       -0.17804      -0.172683         1.3624 
          10.2        265.374       0.283914      -0.112698       0.142663       0.112425       -0.17804      -0.172683         1.3624 
          10.4        265.374       0.283914      -0.112698       0.142663       0.112425       -0.17804      -0.172683         1.3624 
          10.6        265.374       0.283914      -0.112698       0.142663       0.112425       -0.17804      -0.172683         1.3624 
          10.8        265.374       0.283914      -0.112698       0.142663       0.112425       -0.17804      -0.172683         1.3624 
            11        265.374       0.283914      -0.112698       0.142663       0.112425       -0.17804      -0.172683         1.3624 
          11.2        265.374       0.283914      -0.112698       0.142663       0.112425       -0.17804      -0.172683         1.3624 
          11.4        265.374       0.283914      -0.112698       0.142663       0.112425       -0.17804      -0.172683         1.3624 
          11.6        265.374       0.283914      -0.112698       0.142663       0.112425       -0.17804      -0.172683         1.3624 
          11.8        265.374       0.283914      -0.112698       0.142663       0.112425       -0.17804      -0.172683         1.3624 
            12        265.374       0.283914      -0.112698       0.142663       0.112425       -0.17804      -0.172683         1.3624 
