            dY             K1          K2/K1          K3/K1          K4/K2          K5/K1          K6/K2          K7/K1          K8/K2 
           0.2        2.70355        0.99052       0.971792       0.943977        0.86353       0.733434       0.469627     0.00541032 
           0.4        5.42333       0.981299         0.9448       0.891099       0.741314       0.506266      0.0687225      -0.632283 
           0.6        8.17445       0.972384       0.919103       0.841405        0.63228       0.313718      -0.228377       -1.00628 
           0.8        10.9699       0.963754         0.8946       0.794586       0.534679       0.150197      -0.444845       -1.19136 
             1        13.8195       0.955347       0.871064       0.750114       0.446553      0.0103922      -0.599206       -1.24168 
           1.2        16.7299        0.94708       0.848238       0.707438       0.366165      -0.109976      -0.704902       -1.19395 
           1.4        19.7033        0.93888       0.825903       0.666109       0.292218      -0.213943      -0.771221       -1.07289 
           1.6        22.7383       0.930698       0.803915       0.625836       0.223876      -0.303496      -0.804695      -0.896296 
           1.8        25.8293       0.922511       0.782209       0.586486       0.160668       -0.37992      -0.810325      -0.678451 
             2        28.9671       0.914318       0.760783       0.548044       0.102349      -0.444122      -0.792368      -0.431797 
           2.2        32.1391       0.906138        0.73968       0.510578      0.0487983      -0.496862      -0.754755      -0.167579 
           2.4        35.3296       0.898003       0.718978       0.474203   -6.33034e-05       -0.53888      -0.701233       0.104118 
           2.6        38.5197       0.889953       0.698769       0.439063     -0.0443159      -0.570969      -0.635395       0.374457 
           2.8        41.6883       0.882036       0.679157       0.405313     -0.0840669      -0.594004      -0.560644       0.635994 
             3        44.8122       0.874302       0.660252       0.373108      -0.119462      -0.608935      -0.480143       0.882748 
           3.2        47.8666       0.866805       0.642162       0.342599      -0.150686      -0.616774      -0.396741        1.11027 
           3.4        50.8257       0.859601       0.624992       0.313922      -0.177968      -0.618579      -0.312945        1.31556 
           3.6        53.6638       0.852742        0.60884       0.287201      -0.201565      -0.615424      -0.230901        1.49698 
           3.8        56.3556       0.846279       0.593793       0.262534      -0.221767      -0.608379       -0.15237        1.65406 
             4        58.8787       0.840257       0.579922       0.239992      -0.238883      -0.598465     -0.0787121        1.78743 
           4.2        61.2139       0.834712       0.567278       0.219612      -0.253235      -0.586635     -0.0109045         1.8985 
           4.4        63.3462       0.829669       0.555885       0.201393      -0.265149      -0.573746      0.0504339        1.98932 
           4.6        65.2657       0.825145        0.54575       0.185302      -0.274936      -0.560518       0.105008        2.06223 
           4.8        66.9673       0.821142       0.536853       0.171272      -0.282894      -0.547551       0.152783        2.11974 
             5        68.4506       0.817657       0.529159       0.159219       -0.28929      -0.535319         0.1939         2.1643 
           5.2        69.7185       0.814679       0.522625       0.149041      -0.294362      -0.524175        0.22863        2.19817 
           5.4        70.7749       0.812196       0.517206       0.140647       -0.29831      -0.514398       0.257263        2.22333 
           5.6        71.6278       0.810187       0.512843       0.133924       -0.30131      -0.506164       0.280179        2.24153 
           5.8        72.2913       0.808621       0.509455       0.128725      -0.303525       -0.49954       0.297876        2.25431 
             6        72.7854       0.807453       0.506932       0.124867      -0.305108      -0.494474       0.310987          2.263 
           6.2        73.1357       0.806621       0.505142        0.12214      -0.306193      -0.490806       0.320249         2.2687 
           6.4        73.3708       0.806062       0.503941       0.120314      -0.306904      -0.488312       0.326444        2.27229 
           6.6        73.5191       0.805709       0.503183       0.119161      -0.307345      -0.486721       0.330345        2.27445 
           6.8        73.6065       0.805499       0.502735       0.118483      -0.307602      -0.485779        0.33264        2.27569 
             7        73.6544       0.805385        0.50249       0.118111      -0.307743      -0.485262       0.333896        2.27636 
           7.2        73.6786       0.805327       0.502367       0.117925      -0.307812      -0.484999        0.33453        2.27669 
           7.4        73.6897       0.805301        0.50231       0.117838      -0.307844      -0.484876       0.334825        2.27684 
           7.6        73.6944        0.80529       0.502286       0.117802      -0.307859      -0.484827       0.334946        2.27691 
           7.8        73.6962       0.805286       0.502277       0.117788      -0.307863      -0.484806       0.334994        2.27693 
             8        73.6968       0.805284       0.502273       0.117783      -0.307866      -0.484802       0.335009        2.27694 
           8.2        73.6969       0.805284       0.502273       0.117782      -0.307866        -0.4848       0.335014        2.27694 
           8.4         73.697       0.805284       0.502273       0.117782      -0.307866      -0.484799       0.335015        2.27694 
           8.6         73.697       0.805284       0.502273       0.117782      -0.307866      -0.484799       0.335015        2.27694 
           8.8         73.697       0.805284       0.502272       0.117782      -0.307866      -0.484798       0.335015        2.27694 
             9         73.697       0.805284       0.502272       0.117782      -0.307866      -0.484798       0.335015        2.27694 
           9.2         73.697       0.805284       0.502272       0.117782      -0.307866      -0.484798       0.335015        2.27694 
           9.4         73.697       0.805284       0.502272       0.117782      -0.307866      -0.484798       0.335015        2.27694 
           9.6         73.697       0.805284       0.502272       0.117782      -0.307866      -0.484798       0.335015        2.27694 
           9.8         73.697       0.805284       0.502272       0.117782      -0.307866      -0.484798       0.335015        2.27694 
            10         73.697       0.805284       0.502272       0.117782      -0.307866      -0.484798       0.335015        2.27694 
          10.2         73.697       0.805284       0.502272       0.117782      -0.307866      -0.484798       0.335015        2.27694 
          10.4         73.697       0.805284       0.502272       0.117782      -0.307866      -0.484798       0.335015        2.27694 
          10.6         73.697       0.805284       0.502272       0.117782      -0.307866      -0.484798       0.335015        2.27694 
          10.8         73.697       0.805284       0.502272       0.117782      -0.307866      -0.484798       0.335015        2.27694 
            11         73.697       0.805284       0.502272       0.117782      -0.307866      -0.484798       0.335015        2.27694 
          11.2         73.697       0.805284       0.502272       0.117782      -0.307866      -0.484798       0.335015        2.27694 
          11.4         73.697       0.805284       0.502272       0.117782      -0.307866      -0.484798       0.335015        2.27694 
          11.6         73.697       0.805284       0.502272       0.117782      -0.307866      -0.484798       0.335015        2.27694 
          11.8         73.697       0.805284       0.502272       0.117782      -0.307866      -0.484798       0.335015        2.27694 
            12         73.697       0.805284       0.502272       0.117782      -0.307866      -0.484798       0.335015        2.27694 
