                  dY                   K1                K2/K1                K3/K1                K4/K2                K5/K1                K6/K2                K7/K1                K8/K2 
                 0.2              1.91008             0.994528             0.983666             0.967474             0.919921             0.842113             0.678859             0.381714 
                 0.4              3.82882             0.989192             0.967889             0.936328             0.845561             0.699731             0.408171           -0.0960839 
                 0.6              5.76481             0.984038             0.952795             0.906774             0.777099             0.572443             0.182704            -0.455668 
                 0.8              7.72643              0.97907             0.938375             0.878762             0.714081             0.458652          -0.00452237            -0.720316 
                   1              9.72166             0.974256             0.924518             0.852033             0.655649             0.356158            -0.160592            -0.910345 
                 1.2              11.7578             0.969537             0.911054             0.826243             0.600826             0.262773            -0.291477             -1.04118 
                 1.4              13.8413              0.96486             0.897811             0.801046             0.548756             0.176708             -0.40158             -1.12345 
                 1.6              15.9769             0.960175             0.884651             0.776177             0.498802            0.0967212            -0.493841             -1.16419 
                 1.8               18.168             0.955445             0.871475             0.751448             0.450559            0.0220556            -0.570115             -1.16815 
                   2              20.4159             0.950649             0.858226             0.726754             0.403821           -0.0476724            -0.631576             -1.13897 
                 2.2              22.7196             0.945776             0.844878             0.702056             0.358519            -0.112604            -0.679044             -1.07982 
                 2.4              25.0763             0.940825             0.831433             0.677362             0.314679            -0.172731            -0.713192            -0.993851 
                 2.6              27.4813             0.935802             0.817913             0.652718             0.272388            -0.227985            -0.734705            -0.884402 
                 2.8              29.9282             0.930718             0.804351              0.62819             0.231758            -0.278286            -0.744347            -0.755006 
                   3              32.4092             0.925588              0.79079              0.60386             0.192906             -0.32358            -0.742998            -0.609388 
                 3.2              34.9159              0.92043              0.77728             0.579817             0.155942            -0.363863            -0.731652             -0.45134 
                 3.4              37.4388             0.915263             0.763873              0.55615             0.120954            -0.399195            -0.711403            -0.284609 
                 3.6              39.9683             0.910108             0.750619             0.532945            0.0880077            -0.429699            -0.683411            -0.112786 
                 3.8              42.4949             0.904983             0.737565             0.510281            0.0571382            -0.455555            -0.648852            0.0608271 
                   4              45.0092             0.899907             0.724755             0.488228            0.0283504            -0.477006            -0.608904             0.233281 
                 4.2              47.5025             0.894898             0.712229              0.46684           0.00162073            -0.494331            -0.564688             0.402059 
                 4.4              49.9672              0.88997             0.700019             0.446162           -0.0230999            -0.507846             -0.51725             0.565107 
                 4.6              52.3969             0.885137             0.688146             0.426219           -0.0458908            -0.517882            -0.467525             0.720847 
                 4.8              54.7866             0.880405             0.676627             0.407024           -0.0668433            -0.524783            -0.416336             0.868132 
                   5              57.1323             0.875783             0.665468             0.388577           -0.0860638            -0.528878            -0.364385               1.0062 
                 5.2              59.4303             0.871275             0.654678             0.370875             -0.10366             -0.53049            -0.312276              1.13456 
                 5.4              61.6757              0.86689             0.644263             0.353919             -0.11973            -0.529921            -0.260548               1.2529 
                 5.6              63.8615             0.862637             0.634243             0.337724            -0.134358            -0.527462            -0.209707              1.36103 
                 5.8              65.9776             0.858531             0.624644             0.322321            -0.147613            -0.523398            -0.160254              1.45878 
                   6              68.0115             0.854593             0.615505             0.307758            -0.159549            -0.518019            -0.112687              1.54611 
                 6.2              69.9495             0.850845              0.60687             0.294092             -0.17022             -0.51162           -0.0674811              1.62308 
                 6.4              71.7762             0.847315             0.598791             0.281388            -0.179676            -0.504509           -0.0250924              1.68994 
                 6.6              73.4741             0.844034             0.591329             0.269727            -0.187957            -0.496997             0.014026              1.74702 
                 6.8              75.0267              0.84103             0.584538             0.259176            -0.195119            -0.489391            0.0495206              1.79489 
                   7              76.4098             0.838345             0.578504             0.249855            -0.201175            -0.482016            0.0809114              1.83396 
                 7.2               77.595             0.836031             0.573327             0.241904            -0.206131            -0.475217             0.107678              1.86463 
                 7.4              78.5639             0.834122             0.569076             0.235408            -0.210026            -0.469294             0.129512              1.88765 
                 7.6              79.3143             0.832625             0.565758             0.230367            -0.212943            -0.464443             0.146429              1.90407 
                 7.8               79.861              0.83152             0.563318             0.226675            -0.215017            -0.460743             0.158781              1.91515 
                   8              80.2333             0.830758              0.56164              0.22415            -0.216399            -0.458122              0.16722              1.92221 
                 8.2              80.4688             0.830271              0.56057             0.222544            -0.217261            -0.456418             0.172575              1.92643 
                 8.4              80.6063             0.829985             0.559942             0.221603             -0.21776            -0.455402             0.175709               1.9288 
                 8.6              80.6798             0.829831             0.559605               0.2211            -0.218024            -0.454851             0.177387              1.93003 
                 8.8              80.7156             0.829756              0.55944             0.220853            -0.218153            -0.454582             0.178206              1.93063 
                   9              80.7314             0.829723             0.559367             0.220745            -0.218209            -0.454461             0.178568              1.93089 
                 9.2              80.7376              0.82971             0.559338             0.220702            -0.218232            -0.454416              0.17871              1.93099 
                 9.4              80.7398             0.829705             0.559328             0.220687             -0.21824            -0.454398             0.178761              1.93103 
                 9.6              80.7405             0.829704             0.559325             0.220682            -0.218242            -0.454392             0.178777              1.93104 
                 9.8              80.7407             0.829704             0.559324             0.220681            -0.218242             -0.45439             0.178781              1.93104 
                  10              80.7407             0.829703             0.559324             0.220681            -0.218242             -0.45439             0.178782              1.93104 
                10.2              80.7408             0.829704             0.559324             0.220681            -0.218242             -0.45439             0.178782              1.93104 
                10.4              80.7408             0.829704             0.559324             0.220681            -0.218242             -0.45439             0.178782              1.93104 
                10.6              80.7408             0.829704             0.559324             0.220681            -0.218242             -0.45439             0.178782              1.93104 
                10.8              80.7408             0.829704             0.559324             0.220681            -0.218242             -0.45439             0.178782              1.93104 
                  11              80.7408             0.829704             0.559324             0.220681            -0.218242             -0.45439             0.178782              1.93104 
                11.2              80.7408             0.829704             0.559324             0.220681            -0.218242             -0.45439             0.178782              1.93104 
                11.4              80.7408             0.829704             0.559324             0.220681            -0.218242             -0.45439             0.178782              1.93104 
                11.6              80.7408             0.829704             0.559324             0.220681            -0.218242             -0.45439             0.178782              1.93104 
                11.8              80.7408             0.829704             0.559324             0.220681            -0.218242             -0.45439             0.178782              1.93104 
                  12              80.7408             0.829704             0.559324             0.220681            -0.218242             -0.45439             0.178782              1.93104 
                12.2              80.7408             0.829704             0.559324             0.220681            -0.218242             -0.45439             0.178782              1.93104 
                12.4              80.7408             0.829704             0.559324             0.220681            -0.218242             -0.45439             0.178782              1.93104 
                12.6              80.7408             0.829704             0.559324             0.220681            -0.218242             -0.45439             0.178782              1.93104 
                12.8              80.7408             0.829704             0.559324             0.220681            -0.218242             -0.45439             0.178782              1.93104 
                  13              80.7408             0.829704             0.559324             0.220681            -0.218242             -0.45439             0.178782              1.93104 
                13.2              80.7408             0.829704             0.559324             0.220681            -0.218242             -0.45439             0.178782              1.93104 
                13.4              80.7408             0.829704             0.559324             0.220681            -0.218242             -0.45439             0.178782              1.93104 
                13.6              80.7408             0.829704             0.559324             0.220681            -0.218242             -0.45439             0.178782              1.93104 
                13.8              80.7408             0.829704             0.559324             0.220681            -0.218242             -0.45439             0.178782              1.93104 
                  14              80.7408             0.829704             0.559324             0.220681            -0.218242             -0.45439             0.178782              1.93104 
