                  dY                  C~1              C~2/C~1              C~3/C~1              C~4/C~1              C~5/C~1              C~6/C~1              C~7/C~1              C~8/C~1 
                 0.2              1.91008          -0.00547204          8.17856e-05         -6.43124e-06          2.09426e-05         -0.000118152          0.000779822          -0.00588735 
                 0.4              3.82882            -0.010808          0.000313352         -1.58551e-05          5.47471e-06         -3.66371e-05          0.000308612          -0.00280128 
                 0.6              5.76481           -0.0159618          0.000680188         -4.79201e-05          6.19449e-07          1.09138e-05          1.90943e-05         -0.000878654 
                 0.8              7.72643           -0.0209299           0.00116485         -0.000110575          1.37608e-05          2.30866e-05         -0.000270277           0.00267589 
                   1              9.72166           -0.0257442           0.00175064         -0.000196281          8.30758e-06          0.000134386         -0.000938139           0.00715319 
                 1.2              11.7578           -0.0304625           0.00244158         -0.000338608          0.000110707         -0.000287507           0.00179767           -0.0134176 
                 1.4              13.8413           -0.0351397           0.00322981         -0.000503033          0.000136997         -0.000209913           0.00134141           -0.0111335 
                 1.6              15.9769           -0.0398247            0.0041254         -0.000712944          0.000167101         -1.49312e-05         -0.000177531          0.000988602 
                 1.8               18.168           -0.0445548            0.0051395          -0.00098648          0.000258139         -3.51382e-05          -0.00028696           0.00193362 
                   2              20.4159           -0.0493506           0.00627807          -0.00132623          0.000390788         -0.000134211          0.000101727          -0.00140169 
                 2.2              22.7196           -0.0542237           0.00754934          -0.00174163          0.000557471          -0.00015922         -0.000433728           0.00414164 
                 2.4              25.0763           -0.0591748            0.0089572          -0.00223977          0.000769602         -0.000196368         -0.000993451           0.00933688 
                 2.6              27.4813           -0.0641982            0.0105078          -0.00284443           0.00111015         -0.000673665           0.00119983          -0.00670565 
                 2.8              29.9282            -0.069282            0.0121966          -0.00353762           0.00144974         -0.000756489          0.000340434           0.00118584 
                   3              32.4092           -0.0744123            0.0140269          -0.00434917           0.00191171           -0.0011152           0.00088692           -0.0011598 
                 3.2              34.9159           -0.0795702            0.0159909          -0.00527337            0.0024553          -0.00147755          0.000970977          0.000549355 
                 3.4              37.4388           -0.0847368            0.0180836          -0.00632027           0.00311873          -0.00201473           0.00163574          -0.00143825 
                 3.6              39.9683           -0.0898922            0.0202954          -0.00748958           0.00390088          -0.00269237           0.00264584          -0.00577173 
                 3.8              42.4949           -0.0950172            0.0226164          -0.00878204           0.00480724          -0.00348621           0.00361174          -0.00834271 
                   4              45.0092            -0.100093            0.0250339           -0.0101931           0.00582853          -0.00430552           0.00376185          -0.00252634 
                 4.2              47.5025            -0.105102             0.027535           -0.0117222           0.00699644          -0.00537275           0.00477812          -0.00257291 
                 4.4              49.9672             -0.11003             0.030109           -0.0133726           0.00835167          -0.00690194           0.00795429           -0.0177832 
                 4.6              52.3969            -0.114863            0.0327361           -0.0151114           0.00977022          -0.00819355           0.00853197           -0.0109811 
                 4.8              54.7866            -0.119595            0.0354109           -0.0169568            0.0113724          -0.00996039            0.0113677           -0.0203843 
                   5              57.1323            -0.124217            0.0381179           -0.0188814            0.0130515           -0.0115614            0.0118387          -0.00813424 
                 5.2              59.4303            -0.128725            0.0408515           -0.0209021            0.0149434           -0.0138871            0.0163701           -0.0264787 
                 5.4              61.6757             -0.13311            0.0435929           -0.0229784            0.0168801           -0.0159449            0.0179696           -0.0193532 
                 5.6              63.8615            -0.137363            0.0463319           -0.0251163            0.0189546            -0.018381            0.0213297           -0.0248319 
                 5.8              65.9776            -0.141469            0.0490515           -0.0273021            0.0211586           -0.0211834            0.0262009           -0.0391661 
                   6              68.0115            -0.145407            0.0517266           -0.0295007            0.0234029           -0.0239591            0.0302511           -0.0461294 
                 6.2              69.9495            -0.149155            0.0543345           -0.0316969            0.0257081           -0.0269398            0.0350928           -0.0572403 
                 6.4              71.7762            -0.152685            0.0568448           -0.0338528            0.0280006           -0.0298633             0.039292           -0.0626834 
                 6.6              73.4741            -0.155966            0.0592265           -0.0359393            0.0302602           -0.0327777            0.0433489           -0.0659636 
                 6.8              75.0267             -0.15897            0.0614491           -0.0379271            0.0324808           -0.0358796            0.0491242           -0.0833567 
                   7              76.4098            -0.161655            0.0634675            -0.039758            0.0345359           -0.0386508            0.0533538           -0.0892046 
                 7.2               77.595            -0.163969            0.0652347            -0.041385            0.0363898           -0.0411959            0.0573838           -0.0957881 
                 7.4              78.5639            -0.165878            0.0667115           -0.0427609            0.0379723           -0.0433755            0.0607836            -0.100837 
                 7.6              79.3143            -0.167375            0.0678842           -0.0438679             0.039263           -0.0451764            0.0635895            -0.104518 
                 7.8               79.861             -0.16848            0.0687569           -0.0446983            0.0402397           -0.0465727            0.0660473             -0.11064 
                   8              80.2333            -0.169242            0.0693658           -0.0452878            0.0409619           -0.0477344            0.0688419            -0.122407 
                 8.2              80.4688            -0.169729            0.0697563           -0.0456643            0.0414054           -0.0483277              0.06947            -0.120261 
                 8.4              80.6063            -0.170015            0.0699865           -0.0458868            0.0416703           -0.0487091            0.0701487            -0.122084 
                 8.6              80.6798            -0.170169            0.0701114           -0.0460109             0.041833           -0.0490296            0.0712969            -0.129179 
                 8.8              80.7156            -0.170244            0.0701707           -0.0460644            0.0418772           -0.0489798            0.0704533            -0.121728 
                   9              80.7314            -0.170277            0.0701974           -0.0460892            0.0418999           -0.0489628            0.0700432            -0.117694 
                 9.2              80.7376             -0.17029            0.0702082           -0.0461004            0.0419171           -0.0490112            0.0702944            -0.119559 
                 9.4              80.7398            -0.170295            0.0702116           -0.0461027            0.0419152           -0.0489833            0.0700872            -0.117982 
                 9.6              80.7405            -0.170296            0.0702128            -0.046104            0.0419176            -0.048991            0.0701207            -0.118125 
                 9.8              80.7407            -0.170296            0.0702126           -0.0461027            0.0419117           -0.0489621            0.0699651            -0.117214 
                  10              80.7407            -0.170297            0.0702134           -0.0461046            0.0419169           -0.0489754            0.0699638            -0.116617 
                10.2              80.7408            -0.170296             0.070213           -0.0461032            0.0419102           -0.0489385            0.0697252            -0.114847 
                10.4              80.7408            -0.170296             0.070213           -0.0461031            0.0419098           -0.0489356            0.0697028            -0.114654 
                10.6              80.7408            -0.170296             0.070213           -0.0461032            0.0419104           -0.0489391             0.069727            -0.114844 
                10.8              80.7408            -0.170296             0.070213           -0.0461032            0.0419104           -0.0489391             0.069727            -0.114844 
                  11              80.7408            -0.170296             0.070213           -0.0461032            0.0419104           -0.0489391             0.069727            -0.114844 
                11.2              80.7408            -0.170296             0.070213           -0.0461032            0.0419104           -0.0489391             0.069727            -0.114844 
                11.4              80.7408            -0.170296             0.070213           -0.0461032            0.0419104           -0.0489391             0.069727            -0.114844 
                11.6              80.7408            -0.170296             0.070213           -0.0461032            0.0419104           -0.0489391             0.069727            -0.114844 
                11.8              80.7408            -0.170296             0.070213           -0.0461032            0.0419104           -0.0489391             0.069727            -0.114844 
                  12              80.7408            -0.170296             0.070213           -0.0461032            0.0419104           -0.0489391             0.069727            -0.114844 
                12.2              80.7408            -0.170296             0.070213           -0.0461032            0.0419104           -0.0489391             0.069727            -0.114844 
                12.4              80.7408            -0.170296             0.070213           -0.0461032            0.0419104           -0.0489391             0.069727            -0.114844 
                12.6              80.7408            -0.170296             0.070213           -0.0461032            0.0419104           -0.0489391             0.069727            -0.114844 
                12.8              80.7408            -0.170296             0.070213           -0.0461032            0.0419104           -0.0489391             0.069727            -0.114844 
                  13              80.7408            -0.170296             0.070213           -0.0461032            0.0419104           -0.0489391             0.069727            -0.114844 
                13.2              80.7408            -0.170296             0.070213           -0.0461032            0.0419104           -0.0489391             0.069727            -0.114844 
                13.4              80.7408            -0.170296             0.070213           -0.0461032            0.0419104           -0.0489391             0.069727            -0.114844 
                13.6              80.7408            -0.170296             0.070213           -0.0461032            0.0419104           -0.0489391             0.069727            -0.114844 
                13.8              80.7408            -0.170296             0.070213           -0.0461032            0.0419104           -0.0489391             0.069727            -0.114844 
                  14              80.7408            -0.170296             0.070213           -0.0461032            0.0419104           -0.0489391             0.069727            -0.114844 
