            dY             K1          K2/K1          K3/K1          K4/K2          K5/K1          K6/K2          K7/K1          K8/K2 
           0.2        5.15715       0.993825       0.981573       0.963312       0.909814       0.822363       0.639787        0.30877 
           0.4        10.3046       0.987661       0.963378       0.927415       0.824564       0.659802       0.334399      -0.221812 
           0.6        15.4327       0.981521       0.945446       0.892368        0.74423       0.511846      0.0792176      -0.611527 
           0.8        20.5314       0.975416       0.927811       0.858229       0.668758       0.377951      -0.130377      -0.879344 
             1        25.5908       0.969358       0.910501       0.825049       0.598075        0.25751      -0.298939       -1.04321 
           1.2        30.6008       0.963359       0.893548       0.792873       0.532082       0.149861      -0.430913       -1.11989 
           1.4         35.551       0.957432        0.87698       0.761745       0.470659      0.0543007      -0.530576       -1.12485 
           1.6        40.4313       0.951588       0.860824         0.7317       0.413668     -0.0299097      -0.602011       -1.07216 
           1.8        45.2314       0.945841       0.845106       0.702773       0.360955       -0.10353      -0.649068      -0.974474 
             2        49.9409       0.940202        0.82985        0.67499       0.312354      -0.167335      -0.675339      -0.842997 
           2.2        54.5495       0.934683        0.81508       0.648375       0.267687      -0.222101      -0.684147      -0.687515 
           2.4        59.0466       0.929299       0.800819       0.622949       0.226772      -0.268601      -0.678536      -0.516451 
           2.6        63.4215        0.92406        0.78709       0.598729       0.189419      -0.307596      -0.661265      -0.336923 
           2.8        67.6639        0.91898       0.773912       0.575727       0.155434      -0.339835      -0.634815       -0.15482 
             3        71.7636       0.914072       0.761304       0.553951       0.124619      -0.366042      -0.601388       0.025105 
           3.2        75.7115       0.909344       0.749281       0.533399      0.0967687      -0.386921      -0.562908       0.199171 
           3.4        79.5003       0.904808       0.737851       0.514061      0.0716748      -0.403141      -0.521026       0.364665 
           3.6        83.1244       0.900468       0.727017       0.495916      0.0491239      -0.415336      -0.477123       0.519741 
           3.8        86.5808        0.89633       0.716775       0.478932      0.0289034      -0.424093      -0.432329       0.663281 
             4        89.8677       0.892394       0.707118        0.46307      0.0108067      -0.429946      -0.387551       0.794751 
           4.2         92.985       0.888661       0.698033       0.448287    -0.00536372      -0.433376      -0.343493        0.91408 
           4.4        95.9334       0.885131       0.689507       0.434537     -0.0197916       -0.43481      -0.300701        1.02151 
           4.6        98.7134       0.881802       0.681526        0.42178     -0.0326431      -0.434624      -0.259593        1.11751 
           4.8        101.326       0.878674       0.674079       0.409974     -0.0440702       -0.43315      -0.220479        1.20269 
             5        103.771       0.875747       0.667155       0.399085     -0.0542076      -0.430679      -0.183595        1.27774 
           5.2        106.048        0.87302       0.660745        0.38908     -0.0631764      -0.427468      -0.149109        1.34341 
           5.4        108.159       0.870493        0.65484       0.379931     -0.0710859      -0.423741      -0.117135        1.40048 
           5.6        110.102       0.868166       0.649433       0.371607      -0.078035      -0.419695     -0.0877393        1.44973 
           5.8        111.878       0.866039       0.644512        0.36408     -0.0841146      -0.415496     -0.0609437        1.49194 
             6        113.491       0.864108       0.640066       0.357318      -0.089409      -0.411288     -0.0367293        1.52788 
           6.2        114.944       0.862368       0.636078       0.351285     -0.0939974      -0.407184     -0.0150329        1.55829 
           6.4        116.242       0.860814       0.632527        0.34594     -0.0979556      -0.403273     0.00424876        1.58387 
           6.6        117.393       0.859436       0.629389       0.341236      -0.101355      -0.399616      0.0212527         1.6053 
           6.8        118.407       0.858221       0.626632       0.337119      -0.104265      -0.396251      0.0361518         1.6232 
             7        119.297       0.857156       0.624221        0.33353      -0.106752      -0.393192      0.0491489        1.63812 
           7.2        120.075       0.856225       0.622117       0.330409      -0.108877      -0.390436      0.0604583        1.65058 
           7.4        120.755        0.85541       0.620281       0.327692      -0.110698      -0.387965      0.0703025        1.66103 
           7.6        121.352       0.854695       0.618671       0.325315      -0.112268      -0.385749      0.0789127        1.66986 
           7.8        121.881       0.854062       0.617248       0.323219      -0.113636      -0.383752      0.0865035         1.6774 
             8        122.355       0.853494       0.615974       0.321345      -0.114845      -0.381933      0.0932875        1.68395 
           8.2        122.788       0.852975       0.614812       0.319639      -0.115934      -0.380248      0.0994641        1.68975 
           8.4        123.195       0.852489       0.613722       0.318041      -0.116945      -0.378648       0.105243        1.69504 
           8.6        123.583       0.852024       0.612684       0.316521      -0.117897      -0.377103       0.110739        1.69995 
           8.8        123.949       0.851586       0.611704        0.31509      -0.118786      -0.375628       0.115913        1.70445 
             9        124.285       0.851183       0.610805       0.313777      -0.119594       -0.37426       0.120654        1.70848 
           9.2        124.582       0.850828       0.610013       0.312623        -0.1203      -0.373044       0.124822        1.71195 
           9.4         124.83        0.85053       0.609351       0.311658      -0.120886      -0.372019       0.128303        1.71479 
           9.6        125.026       0.850296       0.608829       0.310899      -0.121344      -0.371206       0.131041        1.71699 
           9.8         125.17       0.850123       0.608445        0.31034      -0.121681      -0.370604       0.133058        1.71859 
            10         125.27       0.850004        0.60818       0.309956      -0.121911      -0.370188       0.134444        1.71968 
          10.2        125.333       0.849929       0.608012       0.309711      -0.122058      -0.369922       0.135327        1.72037 
          10.4         125.37       0.849884       0.607913       0.309566      -0.122144      -0.369766       0.135847        1.72077 
          10.6         125.39        0.84986       0.607859       0.309488      -0.122191      -0.369681       0.136128        1.72099 
          10.8          125.4       0.849848       0.607832        0.30945      -0.122214      -0.369639       0.136267         1.7211 
            11        125.405       0.849843        0.60782       0.309433      -0.122224       -0.36962       0.136329        1.72115 
          11.2        125.407        0.84984       0.607816       0.309426      -0.122228      -0.369612       0.136355        1.72117 
          11.4        125.407        0.84984       0.607814       0.309423       -0.12223      -0.369609       0.136365        1.72117 
          11.6        125.407       0.849839       0.607813       0.309422      -0.122231      -0.369608       0.136368        1.72118 
          11.8        125.408       0.849839       0.607813       0.309422      -0.122231      -0.369608       0.136368        1.72118 
            12        125.408       0.849839       0.607813       0.309422      -0.122231      -0.369608       0.136369        1.72118 
          12.2        125.408       0.849839       0.607813       0.309422      -0.122231      -0.369608       0.136369        1.72118 
          12.4        125.408       0.849839       0.607813       0.309422      -0.122231      -0.369608       0.136369        1.72118 
          12.6        125.408       0.849839       0.607813       0.309422      -0.122231      -0.369608       0.136369        1.72118 
          12.8        125.408       0.849839       0.607813       0.309422      -0.122231      -0.369608       0.136369        1.72118 
            13        125.408       0.849839       0.607813       0.309422      -0.122231      -0.369608       0.136369        1.72118 
          13.2        125.408       0.849839       0.607813       0.309422      -0.122231      -0.369608       0.136369        1.72118 
          13.4        125.408       0.849839       0.607813       0.309422      -0.122231      -0.369608       0.136369        1.72118 
          13.6        125.408       0.849839       0.607813       0.309422      -0.122231      -0.369608       0.136369        1.72118 
          13.8        125.408       0.849839       0.607813       0.309422      -0.122231      -0.369608       0.136369        1.72118 
            14        125.408           -nan           -nan           -nan           -nan           -nan           -nan           -nan 
