            dY            C~1        C~2/C~1        C~3/C~1        C~4/C~1        C~5/C~1        C~6/C~1        C~7/C~1        C~8/C~1
           0.2        1.64799      -0.003588          3e-05   -3.11634e-06    9.16336e-06   -3.46488e-05    0.000138471   -0.000493245
           0.4        3.28152      -0.007144       0.000116   -6.53717e-06    1.73717e-05   -9.77743e-05    0.000651234    -0.00498495
           0.6         4.8865      -0.010637       0.000254   -6.14556e-06   -1.55444e-05    0.000103408   -0.000785411     0.00675968
           0.8        6.44956       -0.01404       0.000444   -2.10636e-05    -1.3636e-06    2.58407e-05   -0.000244476     0.00240119
             1        7.95839      -0.017325       0.000677   -4.31688e-05    1.76878e-05   -8.48551e-05    0.000584542    -0.00465871
           1.2        9.40208      -0.020467       0.000942   -5.89597e-05   -2.94029e-05    0.000208437    -0.00142497      0.0110813
           1.4        10.7714      -0.023448       0.001237   -9.19411e-05   -2.95888e-05    0.000249328    -0.00178007      0.0142456
           1.6        12.0592      -0.026252       0.001553   -0.000140928    2.12783e-05   -1.68033e-05     3.3645e-05    0.000130793
           1.8        13.2603      -0.028866       0.001876    -0.00018111     3.0996e-06     0.00012332   -0.000879178     0.00691217
             2        14.3719      -0.031286       0.002204   -0.000232038    1.43804e-05    0.000105949   -0.000753866     0.00584022
           2.2        15.3935       -0.03351       0.002529   -0.000287036    2.73572e-05    0.000103003    -0.00082456     0.00689154
           2.4        16.3265      -0.035541       0.002845   -0.000345059    5.55922e-05   -2.55914e-05    0.000195241    -0.00210625
           2.6        17.1745      -0.037387       0.003148   -0.000399613    5.31256e-05    7.91549e-05   -0.000651445     0.00523298
           2.8         17.942      -0.039058       0.003437   -0.000462206    0.000100061   -0.000138937    0.000906219    -0.00751086
             3        18.6342      -0.040565       0.003707   -0.000515065    9.66522e-05    -1.8023e-05   -9.80039e-05     0.00137784
           3.2        19.2569       -0.04192       0.003957   -0.000560248    6.84832e-05    0.000225514    -0.00178952      0.0145042
           3.4        19.8154      -0.043136       0.004191   -0.000616237    0.000110367    3.87728e-05   -0.000469735      0.0038282
           3.6        20.3146      -0.044223       0.004405   -0.000664195    0.000122955    3.24367e-05   -0.000415434     0.00308383
           3.8        20.7594      -0.045191         0.0046   -0.000709419    0.000137191    2.44752e-05    -0.00045408     0.00394806
             4         21.154       -0.04605       0.004776   -0.000748363    0.000137629    7.94897e-05   -0.000811277      0.0064409
           4.2         21.503       -0.04681       0.004936   -0.000789921    0.000164211    -9.1451e-06   -0.000258097     0.00222773
           4.4        21.8106       -0.04748       0.005079   -0.000827449    0.000190491   -0.000115259    0.000487854    -0.00388682
           4.6        22.0815      -0.048069       0.005204    -0.00085184      0.0001694    4.79825e-05   -0.000601666     0.00439592
           4.8        22.3202      -0.048589       0.005318     -0.0008827    0.000190001    -2.3532e-05   -0.000140979    0.000821682
             5         22.531      -0.049048        0.00542   -0.000913471     0.00022771   -0.000214787     0.00120003    -0.00990877
           5.2         22.718      -0.049455        0.00551   -0.000934162    0.000221622   -0.000133333    0.000598691    -0.00508967
           5.4        22.8847      -0.049818       0.005591   -0.000954061    0.000223608   -0.000106608    0.000368947    -0.00300535
           5.6        23.0348      -0.050145       0.005665   -0.000973411    0.000227109   -7.56084e-05    4.63636e-05    6.02663e-05
           5.8        23.1718      -0.050443       0.005733   -0.000994484    0.000255838   -0.000235264     0.00121654    -0.00954089
             6        23.2973      -0.050716       0.005794     -0.0010054    0.000235964   -0.000100433    0.000354824    -0.00337623
           6.2        23.4107      -0.050963       0.005851    -0.00102211    0.000250085   -0.000154512    0.000676812    -0.00554297
           6.4        23.5101      -0.051179         0.0059    -0.00103139    0.000231877   -5.84176e-06   -0.000462424     0.00411304
           6.6        23.5933       -0.05136       0.005941    -0.00103868    0.000216763    0.000100738    -0.00118663     0.00966789
           6.8        23.6593      -0.051504       0.005976    -0.00105547    0.000261725   -0.000156495    0.000594232    -0.00433014
             7        23.7085      -0.051611          0.006    -0.00105764    0.000240352   -1.71386e-05   -0.000354034     0.00288922
           7.2        23.7427      -0.051686       0.006019     -0.0010688    0.000274038   -0.000207135    0.000942867    -0.00723311
           7.4        23.7647      -0.051734        0.00603     -0.0010709    0.000269955   -0.000174077    0.000691313    -0.00511812
           7.6        23.7779      -0.051762       0.006035    -0.00106605    0.000237542    2.28165e-05    -0.00068105     0.00579207
           7.8         23.785      -0.051778        0.00604    -0.00107316     0.00027161    -0.00019431    0.000914467    -0.00742411
             8        23.7886      -0.051786       0.006042    -0.00107277    0.000261652   -0.000109688    0.000202008    -0.00103094
           8.2        23.7902      -0.051789       0.006042    -0.00107191    0.000263094   -0.000142854     0.00054401    -0.00433226
           8.4        23.7909      -0.051791       0.006044    -0.00107797    0.000289657   -0.000285279     0.00144287       -0.01087
           8.6        23.7911      -0.051791       0.006042    -0.00106881    0.000243103   -9.65761e-06   -0.000436032     0.00367366
           8.8        23.7912      -0.051791       0.006042    -0.00106976    0.000251585   -7.71518e-05    0.000123726    -0.00133942
             9        23.7912      -0.051791       0.006042    -0.00106976    0.000250585      -6.31e-05   -3.23616e-05     0.00034326
           9.2        23.7912      -0.051791       0.006042    -0.00106976    0.000250585      -6.31e-05   -3.23616e-05     0.00034326
           9.4        23.7912      -0.051791       0.006042    -0.00106976    0.000250585      -6.31e-05   -3.23616e-05     0.00034326
           9.6        23.7912      -0.051791       0.006042    -0.00106976    0.000250585      -6.31e-05   -3.23616e-05     0.00034326
           9.8        23.7912      -0.051791       0.006042    -0.00106976    0.000250585      -6.31e-05   -3.23616e-05     0.00034326
            10        23.7912      -0.051791       0.006042    -0.00106976    0.000250585      -6.31e-05   -3.23616e-05     0.00034326
          10.2        23.7912      -0.051791       0.006042    -0.00106976    0.000250585      -6.31e-05   -3.23616e-05     0.00034326
          10.4        23.7912      -0.051791       0.006042    -0.00106976    0.000250585      -6.31e-05   -3.23616e-05     0.00034326
          10.6        23.7912      -0.051791       0.006042    -0.00106976    0.000250585      -6.31e-05   -3.23616e-05     0.00034326
          10.8        23.7912      -0.051791       0.006042    -0.00106976    0.000250585      -6.31e-05   -3.23616e-05     0.00034326
            11        23.7912      -0.051791       0.006042    -0.00106976    0.000250585      -6.31e-05   -3.23616e-05     0.00034326
          11.2        23.7912      -0.051791       0.006042    -0.00106976    0.000250585      -6.31e-05   -3.23616e-05     0.00034326
          11.4        23.7912      -0.051791       0.006042    -0.00106976    0.000250585      -6.31e-05   -3.23616e-05     0.00034326
          11.6        23.7912      -0.051791       0.006042    -0.00106976    0.000250585      -6.31e-05   -3.23616e-05     0.00034326
          11.8        23.7912      -0.051791       0.006042    -0.00106976    0.000250585      -6.31e-05   -3.23616e-05     0.00034326
            12        23.7912      -0.051791       0.006042    -0.00106976    0.000250585      -6.31e-05   -3.23616e-05     0.00034326
