            dY            C~1        C~2/C~1        C~3/C~1        C~4/C~1        C~5/C~1        C~6/C~1        C~7/C~1        C~8/C~1
           0.2         2.0511      -0.004465        4.5e-05    -1.0524e-06       5.24e-07     6.3937e-06   -0.000107288     0.00129812
           0.4        4.08415      -0.008891       0.000179   -9.99086e-06    2.59086e-05   -0.000166142     0.00122457     -0.0101671
           0.6        6.08155      -0.013239       0.000395    -1.8809e-05    7.09037e-06   -4.44763e-05    0.000365513    -0.00332294
           0.8        8.02661      -0.017473       0.000687   -3.72312e-05   -1.86879e-05    0.000141343    -0.00103808     0.00856435
             1        9.90401       -0.02156       0.001047   -7.72644e-05     9.6436e-06   -2.06175e-05    0.000169689     -0.0014949
           1.2        11.7002       -0.02547       0.001461   -0.000126739    1.53897e-05    -2.3242e-05    0.000251163    -0.00270273
           1.4        13.4038      -0.029179       0.001919   -0.000197115    5.81546e-05   -0.000217258     0.00157319     -0.0130149
           1.6        15.0059      -0.032666       0.002402   -0.000260282    -5.1801e-06    0.000277442    -0.00205338      0.0167609
           1.8        16.5004       -0.03592       0.002907   -0.000358586     6.2864e-05   -2.49557e-05    2.73493e-05    0.000226431
             2        17.8838      -0.038931       0.003413    -0.00044922    5.22035e-05    0.000154961    -0.00119055     0.00936875
           2.2        19.1557        -0.0417       0.003917   -0.000559012    0.000109118   -4.52964e-05    0.000155835    -0.00117164
           2.4        20.3183      -0.044231       0.004407   -0.000667288    0.000139883   -8.00111e-05    0.000421518    -0.00386751
           2.6        21.3758      -0.046533       0.004877   -0.000772427    0.000141268    0.000111739    -0.00112871     0.00941127
           2.8        22.3341      -0.048619       0.005324   -0.000881755    0.000176553    6.55493e-05   -0.000800634     0.00633746
             3        23.1999      -0.050504       0.005746   -0.000993975     0.00023575   -0.000108763    0.000342282    -0.00269668
           3.2        23.9803      -0.052203        0.00614    -0.00110189    0.000290931   -0.000259835     0.00132377     -0.0104403
           3.4        24.6819       -0.05373       0.006503    -0.00119464    0.000289368    -6.2043e-05   -0.000177715     0.00175697
           3.6        25.3114        -0.0551       0.006838    -0.00128523    0.000307282    -9.6942e-06   -0.000541032     0.00418134
           3.8        25.8745      -0.056326       0.007146     -0.0013733    0.000333998    1.06983e-05   -0.000819403     0.00674931
             4        26.3768       -0.05742       0.007428     -0.0014634    0.000407047   -0.000278443     0.00115741    -0.00906095
           4.2        26.8239      -0.058393       0.007681    -0.00153465     0.00041047   -0.000140979    7.72216e-05   -0.000118696
           4.4        27.2213      -0.059258        0.00791    -0.00160238    0.000426849   -9.89867e-05   -0.000276442     0.00258146
           4.6        27.5745      -0.060027       0.008117    -0.00166757    0.000460657   -0.000176677    0.000208291     -0.0012155
           4.8         27.889      -0.060712       0.008304    -0.00172761    0.000490123   -0.000216654    0.000315866    -0.00125306
             5        28.1703      -0.061324       0.008472    -0.00178064    0.000517428   -0.000300202     0.00100933    -0.00786774
           5.2        28.4232      -0.061874       0.008623    -0.00182092    0.000492175   -3.40864e-05   -0.000972581     0.00839563
           5.4        28.6522      -0.062373       0.008763    -0.00186632    0.000512211   -5.80672e-05   -0.000859739     0.00755424
           5.6        28.8619      -0.062829       0.008891    -0.00190584    0.000522442   -4.86572e-05   -0.000872627      0.0069994
           5.8        29.0565      -0.063253       0.009012    -0.00194708    0.000546765    -9.7271e-05   -0.000675634     0.00620153
             6        29.2382      -0.063649       0.009126    -0.00198657    0.000571674   -0.000159547   -0.000309342     0.00339693
           6.2        29.4053      -0.064013       0.009232    -0.00202722    0.000618227   -0.000365723     0.00107834    -0.00747244
           6.4        29.5542      -0.064337       0.009326    -0.00206068    0.000647811   -0.000493694     0.00201538     -0.0153343
           6.6        29.6813      -0.064613       0.009404    -0.00207771    0.000611052   -0.000221656    0.000134365   -0.000734418
           6.8        29.7843      -0.064838       0.009471    -0.00210439    0.000640876   -0.000342782    0.000921482    -0.00688288
             7         29.863      -0.065009        0.00952    -0.00211628    0.000621849   -0.000182854   -0.000276202     0.00312118
           7.2        29.9193      -0.065131       0.009555    -0.00212551    0.000614111   -0.000112074    -0.00078411      0.0071943
           7.4        29.9568      -0.065213        0.00958    -0.00213827    0.000643738   -0.000283649    0.000461185    -0.00303898
           7.6          29.98      -0.065264       0.009596    -0.00214643     0.00065634   -0.000324844    0.000619022    -0.00352151
           7.8        29.9933      -0.065293       0.009605    -0.00215154    0.000669374   -0.000399102     0.00114689     -0.0078124
             8        30.0003      -0.065308       0.009609    -0.00215211    0.000670121   -0.000425005     0.00147038     -0.0113459
           8.2        30.0036      -0.065315        0.00961    -0.00214724    0.000638419   -0.000214439   -0.000105722     0.00188637
           8.4        30.0051      -0.065318        0.00961    -0.00214312    0.000614171   -5.94889e-05    -0.00123171      0.0111092
           8.6        30.0057      -0.065319        0.00961     -0.0021433       0.000621   -0.000131808   -0.000547021     0.00447194
           8.8        30.0059       -0.06532       0.009612    -0.00215081    0.000657094   -0.000338474     0.00082805    -0.00596762
             9        30.0059       -0.06532       0.009611    -0.00214574    0.000630441   -0.000179792   -0.000245703      0.0022236
           9.2        30.0059       -0.06532       0.009611    -0.00214574    0.000629441   -0.000164792   -0.000420703      0.0041836
           9.4        30.0059       -0.06532       0.009611    -0.00214574    0.000629441   -0.000164792   -0.000420703      0.0041836
           9.6        30.0059       -0.06532       0.009611    -0.00214574    0.000629441   -0.000164792   -0.000420703      0.0041836
           9.8        30.0059       -0.06532       0.009611    -0.00214574    0.000629441   -0.000164792   -0.000420703      0.0041836
            10        30.0059       -0.06532       0.009611    -0.00214574    0.000629441   -0.000164792   -0.000420703      0.0041836
          10.2        30.0059       -0.06532       0.009611    -0.00214574    0.000629441   -0.000164792   -0.000420703      0.0041836
          10.4        30.0059       -0.06532       0.009611    -0.00214574    0.000629441   -0.000164792   -0.000420703      0.0041836
          10.6        30.0059       -0.06532       0.009611    -0.00214574    0.000629441   -0.000164792   -0.000420703      0.0041836
          10.8        30.0059       -0.06532       0.009611    -0.00214574    0.000629441   -0.000164792   -0.000420703      0.0041836
            11        30.0059       -0.06532       0.009611    -0.00214574    0.000629441   -0.000164792   -0.000420703      0.0041836
          11.2        30.0059       -0.06532       0.009611    -0.00214574    0.000629441   -0.000164792   -0.000420703      0.0041836
          11.4        30.0059       -0.06532       0.009611    -0.00214574    0.000629441   -0.000164792   -0.000420703      0.0041836
          11.6        30.0059       -0.06532       0.009611    -0.00214574    0.000629441   -0.000164792   -0.000420703      0.0041836
          11.8        30.0059       -0.06532       0.009611    -0.00214574    0.000629441   -0.000164792   -0.000420703      0.0041836
            12        30.0059       -0.06532       0.009611    -0.00214574    0.000629441   -0.000164792   -0.000420703      0.0041836
