                  dY                   K1                K2/K1                K3/K1                K4/K2                K5/K1                K6/K2                K7/K1                K8/K2 
                 0.2              1.30511             0.996865             0.990633             0.981358              0.95391             0.909003             0.813542             0.638828 
                 0.4              2.59496             0.993767              0.98145             0.963259             0.910158             0.824884              0.64985             0.343503 
                 0.6               3.8549             0.990741             0.972551             0.945891             0.869102             0.748059             0.508215              0.10769 
                 0.8              5.07147             0.987819             0.964024             0.929411             0.830996             0.678676              0.38728           -0.0761178 
                   1              6.23295             0.985029             0.955945             0.913941             0.795986             0.616649             0.285235             -0.21588 
                 1.2              7.32984             0.982394             0.948369             0.899567             0.764124             0.561698             0.200005            -0.319413 
                 1.4              8.35521             0.979931             0.941336             0.886337             0.735368              0.51339             0.129416            -0.393958 
                 1.6              9.30482             0.977651             0.934863             0.874261             0.709604              0.47119            0.0713297            -0.445904 
                 1.8              10.1772             0.975555             0.928952             0.863316             0.686657               0.4345            0.0237413            -0.480658 
                   2              10.9731             0.973643             0.923589             0.853454             0.666308               0.4027           -0.0151568            -0.502632 
                 2.2              11.6955             0.971908             0.918745             0.844606             0.648317              0.37518           -0.0469422            -0.515309 
                 2.4              12.3487             0.970339             0.914385             0.836688             0.632436             0.351368           -0.0729521            -0.521363 
                 2.6              12.9377             0.968925             0.910469             0.829616             0.618424             0.330742           -0.0942981            -0.522803 
                 2.8              13.4683              0.96765             0.906955             0.823301             0.606049             0.312836             -0.11189            -0.521101 
                   3              13.9463             0.966502               0.9038             0.817655               0.5951             0.297239            -0.126468            -0.517321 
                 3.2              14.3777             0.965466             0.900962             0.812596             0.585377             0.283587             -0.13863            -0.512212 
                 3.4              14.7686             0.964527             0.898396             0.808041             0.576695             0.271559            -0.148866            -0.506285 
                 3.6              15.1253              0.96367             0.896061             0.803909              0.56888             0.260864            -0.157574            -0.499869 
                 3.8              15.4538             0.962881             0.893916             0.800124             0.561772             0.251247            -0.165077             -0.49316 
                   4                15.76             0.962146             0.891921             0.796614             0.555223             0.242482            -0.171638            -0.486254 
                 4.2               16.049             0.961451             0.890041             0.793316             0.549107              0.23438            -0.177458            -0.479191 
                 4.4              16.3253             0.960788             0.888248             0.790178             0.543323             0.226792             -0.18269             -0.47197 
                 4.6              16.5922             0.960147             0.886518             0.787159             0.537789             0.219602            -0.187446             -0.46458 
                 4.8              16.8529             0.959521             0.884832             0.784223             0.532437             0.212714            -0.191814            -0.456992 
                   5              17.1105             0.958902              0.88317             0.781335               0.5272             0.206037            -0.195867            -0.449153 
                 5.2              17.3667             0.958286             0.881518             0.778473             0.522039             0.199518            -0.199646            -0.441035 
                 5.4              17.6182             0.957683             0.879901             0.775676             0.517023             0.193241            -0.203115            -0.432777 
                 5.6              17.8566              0.95711             0.878369             0.773035             0.512311             0.187398             -0.20619            -0.424693 
                 5.8              18.0724             0.956592             0.876985             0.770652              0.50808             0.182198            -0.208798            -0.417174 
                   6              18.2574             0.956147             0.875801             0.768617             0.504482             0.177809            -0.210903            -0.410584 
                 6.2              18.4066             0.955789             0.874846             0.766979             0.501597             0.174313            -0.212515            -0.405176 
                 6.4              18.5194             0.955518             0.874126             0.765745             0.499429             0.171699            -0.213683            -0.401037 
                 6.6              18.5987             0.955327             0.873619             0.764878             0.497908             0.169872            -0.214479            -0.398097 
                 6.8              18.6506             0.955203             0.873288             0.764311             0.496916             0.168683            -0.214988            -0.396163 
                   7               18.682             0.955127             0.873087             0.763968             0.496316             0.167966            -0.215292            -0.394988 
                 7.2              18.6995             0.955085             0.872976             0.763778             0.495983             0.167568             -0.21546            -0.394333 
                 7.4              18.7084             0.955064             0.872919              0.76368             0.495813             0.167365            -0.215545            -0.393997 
                 7.6              18.7126             0.955054             0.872892             0.763635             0.495734              0.16727            -0.215584            -0.393841 
                 7.8              18.7143              0.95505             0.872881             0.763616             0.495701              0.16723            -0.215601            -0.393776 
                   8               18.715             0.955048             0.872877             0.763608             0.495688             0.167215            -0.215607            -0.393751 
                 8.2              18.7152             0.955048             0.872876             0.763606             0.495684              0.16721            -0.215609            -0.393742 
                 8.4              18.7153             0.955047             0.872875             0.763605             0.495682             0.167209             -0.21561             -0.39374 
                 8.6              18.7153             0.955047             0.872875             0.763605             0.495682             0.167209             -0.21561            -0.393739 
                 8.8              18.7153             0.955047             0.872875             0.763605             0.495682             0.167208             -0.21561            -0.393739 
                   9              18.7153             0.955047             0.872875             0.763605             0.495682             0.167208             -0.21561            -0.393739 
                 9.2              18.7153             0.955047             0.872875             0.763605             0.495682             0.167208             -0.21561            -0.393739 
                 9.4              18.7153             0.955047             0.872875             0.763605             0.495682             0.167208             -0.21561            -0.393739 
                 9.6              18.7153             0.955047             0.872875             0.763605             0.495682             0.167208             -0.21561            -0.393739 
                 9.8              18.7153             0.955047             0.872875             0.763605             0.495682             0.167208             -0.21561            -0.393739 
                  10              18.7153             0.955047             0.872875             0.763605             0.495682             0.167208             -0.21561            -0.393739 
                10.2              18.7153             0.955047             0.872875             0.763605             0.495682             0.167208             -0.21561            -0.393739 
                10.4              18.7153             0.955047             0.872875             0.763605             0.495682             0.167208             -0.21561            -0.393739 
                10.6              18.7153                 -nan                 -nan                 -nan                 -nan                 -nan                 -nan                 -nan 
                10.8              18.7153                 -nan                 -nan                 -nan                 -nan                 -nan                 -nan                 -nan 
                  11              18.7153                 -nan                 -nan                 -nan                 -nan                 -nan                 -nan                 -nan 
                11.2              18.7153                 -nan                 -nan                 -nan                 -nan                 -nan                 -nan                 -nan 
                11.4              18.7153                 -nan                 -nan                 -nan                 -nan                 -nan                 -nan                 -nan 
                11.6              18.7153                 -nan                 -nan                 -nan                 -nan                 -nan                 -nan                 -nan 
                11.8              18.7153                 -nan                 -nan                 -nan                 -nan                 -nan                 -nan                 -nan 
                  12              18.7153                 -nan                 -nan                 -nan                 -nan                 -nan                 -nan                 -nan 
