            dY             K1          K2/K1          K3/K1          K4/K2          K5/K1          K6/K2          K7/K1          K8/K2 
           0.2        2.00381        2.80033       0.967627       0.963756       0.842102       0.824668       0.374608       0.319173 
           0.4        4.03441        2.75316       0.935484       0.928009       0.693168        0.66326      -0.143182      -0.203379 
           0.6        6.11834        2.69601       0.903543        0.89262       0.552923       0.514723      -0.562193      -0.587144 
           0.8        8.28148        2.63004       0.871786       0.857459       0.421211       0.378218      -0.890083      -0.848635 
             1        10.5486        2.55664        0.84021       0.822407        0.29797       0.253114       -1.13376       -1.00202 
           1.2        12.9428        2.47736       0.808818       0.787362       0.183206       0.138975       -1.29974       -1.05971 
           1.4        15.4844        2.39383       0.777628       0.752241      0.0769787      0.0355602       -1.39446       -1.03299 
           1.6        18.1904        2.30771       0.746671        0.71699     -0.0206302     -0.0572059       -1.42454       -0.93252 
           1.8        21.0735        2.22054       0.715988       0.681586      -0.109534      -0.139257       -1.39687      -0.768939 
             2        24.1414        2.13373       0.685634       0.646042      -0.189672      -0.210434       -1.31879      -0.553227 
           2.2        27.3965        2.04849        0.65567       0.610408      -0.261033      -0.270548       -1.19802      -0.296966 
           2.4        30.8354        1.96579       0.626169        0.57477      -0.323671      -0.319429       -1.04256     -0.0124001 
           2.6        34.4498        1.88639       0.597202       0.539243      -0.377728      -0.357003      -0.860549       0.287786 
           2.8        38.2265         1.8108       0.568841       0.503968      -0.423438      -0.383327      -0.659998        0.59079 
             3        42.1484        1.73936       0.541155       0.469101      -0.461125      -0.398636      -0.448581       0.884218 
           3.2        46.1954        1.67222        0.51421        0.43481      -0.491199      -0.403352      -0.233391        1.15662 
           3.4        50.3455        1.60938       0.488063        0.40126      -0.514137      -0.398088     -0.0207549        1.39801 
           3.6        54.5756        1.55075        0.46277       0.368611      -0.530472      -0.383632       0.183896        1.60028 
           3.8        58.8631        1.49614       0.438379       0.337013      -0.540775      -0.360916       0.376112        1.75752 
             4         63.186        1.44533       0.414929       0.306592      -0.545641      -0.330977       0.552464         1.8661 
           4.2        67.5246        1.39802       0.392456       0.277452      -0.545668      -0.294912       0.710508        1.92465 
           4.4        71.8621        1.35394       0.370981       0.249667      -0.541451      -0.253824       0.848745        1.93382 
           4.6        76.1846         1.3128       0.350516       0.223284      -0.533558      -0.208787       0.966485        1.89592 
           4.8        80.4813         1.2743       0.331062       0.198324       -0.52253      -0.160805        1.06373        1.81456 
             5        84.7438        1.23821       0.312609       0.174786      -0.508869      -0.110796        1.14104        1.69424 
           5.2         88.963        1.20431       0.295143       0.152664      -0.493044     -0.0596092        1.19934        1.54007 
           5.4        93.1281        1.17245       0.278656       0.131955      -0.475503    -0.00803326        1.23988        1.35762 
           5.6        97.2235        1.14254       0.263145       0.112662       -0.45668      0.0431755        1.26415        1.15288 
           5.8        101.228        1.11455       0.248616      0.0948035       -0.43701      0.0932802        1.27386       0.932152 
             6        105.114        1.08848        0.23509      0.0784039      -0.416928       0.141568        1.27095       0.702039 
           6.2        108.851        1.06436       0.222587      0.0634841      -0.396864       0.187381        1.25757       0.469125 
           6.4        112.403        1.04225       0.211133      0.0500582      -0.377235       0.230133        1.23597       0.239764 
           6.6        115.728        1.02224       0.200763      0.0381456      -0.358463       0.269274        1.20855      0.0201481 
           6.8        118.787        1.00438       0.191508      0.0277415      -0.340932       0.304385        1.17767      -0.184353 
             7        121.521       0.988841       0.183444      0.0188801      -0.325086       0.334973        1.14584      -0.368085 
           7.2         123.87       0.975814       0.176665      0.0115992      -0.311379       0.360576        1.11555      -0.525764 
           7.4        125.791       0.965367        0.17121     0.00586612       -0.30011       0.381039        1.08886      -0.654283 
           7.6        127.279       0.957405       0.167037     0.00156387      -0.291358       0.396571        1.06709      -0.753295 
           7.8        128.362       0.951678       0.164022     -0.0014947      -0.284971       0.407706        1.05066      -0.825049 
             8        129.099       0.947817       0.161979    -0.00353987       -0.28062       0.415196         1.0392      -0.873681 
           8.2        129.564       0.945395        0.16069    -0.00481712       -0.27787       0.419893        1.03186      -0.904327 
           8.4        129.835       0.943991       0.159937    -0.00555626      -0.276266       0.422619        1.02754      -0.922171 
           8.6        129.979       0.943245       0.159534    -0.00594939       -0.27541       0.424071        1.02522      -0.931694 
           8.8        130.049       0.942884       0.159337     -0.0061404      -0.274993       0.424777        1.02409       -0.93633 
             9         130.08       0.942727       0.159249    -0.00622408       -0.27481       0.425088         1.0236       -0.93837 
           9.2        130.092       0.942665       0.159215    -0.00625716      -0.274738        0.42521         1.0234      -0.939176 
           9.4        130.096       0.942643       0.159202    -0.00626885      -0.274713       0.425254        1.02333      -0.939463 
           9.6        130.098       0.942636       0.159198    -0.00627242      -0.274705       0.425267        1.02331      -0.939551 
           9.8        130.098       0.942635       0.159197    -0.00627336      -0.274703       0.425271        1.02331      -0.939574 
            10        130.098       0.942634       0.159197    -0.00627361      -0.274702       0.425272         1.0233       -0.93958 
          10.2        130.098       0.942634       0.159197    -0.00627367      -0.274702       0.425272         1.0233      -0.939582 
          10.4        130.098       0.942634       0.159197    -0.00627367      -0.274702       0.425272         1.0233      -0.939582 
          10.6        130.098       0.942634       0.159197    -0.00627367      -0.274702       0.425272         1.0233      -0.939582 
          10.8        130.098       0.942634       0.159197    -0.00627367      -0.274702       0.425272         1.0233      -0.939582 
            11        130.098       0.942634       0.159197    -0.00627367      -0.274702       0.425272         1.0233      -0.939582 
          11.2        130.098       0.942634       0.159197    -0.00627367      -0.274702       0.425272         1.0233      -0.939582 
          11.4        130.098       0.942634       0.159197    -0.00627367      -0.274702       0.425272         1.0233      -0.939582 
          11.6        130.098       0.942634       0.159197    -0.00627367      -0.274702       0.425272         1.0233      -0.939582 
          11.8        130.098       0.942634       0.159197    -0.00627367      -0.274702       0.425272         1.0233      -0.939582 
            12        130.098       0.942634       0.159197    -0.00627367      -0.274702       0.425272         1.0233      -0.939582 
          12.2        130.098       0.942634       0.159197    -0.00627367      -0.274702       0.425272         1.0233      -0.939582 
          12.4        130.098       0.942634       0.159197    -0.00627367      -0.274702       0.425272         1.0233      -0.939582 
          12.6        130.098       0.942634       0.159197    -0.00627367      -0.274702       0.425272         1.0233      -0.939582 
          12.8        130.098       0.942634       0.159197    -0.00627367      -0.274702       0.425272         1.0233      -0.939582 
            13        130.098       0.942634       0.159197    -0.00627367      -0.274702       0.425272         1.0233      -0.939582 
          13.2        130.098       0.942634       0.159197    -0.00627367      -0.274702       0.425272         1.0233      -0.939582 
          13.4        130.098       0.942634       0.159197    -0.00627367      -0.274702       0.425272         1.0233      -0.939582 
          13.6        130.098       0.942634       0.159197    -0.00627367      -0.274702       0.425272         1.0233      -0.939582 
          13.8        130.098       0.942634       0.159197    -0.00627367      -0.274702       0.425272         1.0233      -0.939582 
            14        130.098       0.942634       0.159197    -0.00627367      -0.274702       0.425272         1.0233      -0.939582 
