            dY             K1          K2/K1          K3/K1          K4/K2          K5/K1          K6/K2          K7/K1          K8/K2 
           0.2        4.38201        2.82254       0.928014       0.920272       0.659516       0.629838      -0.251525      -0.298115 
           0.4        8.82476        2.73554       0.857251       0.843393       0.362404       0.326738       -1.02476      -0.922071 
           0.6        13.3886        2.63883       0.787692       0.769057       0.106351      0.0837823       -1.41191       -1.05523 
           0.8        18.1329        2.53394        0.71937       0.697007      -0.110515      -0.104838       -1.49412      -0.847407 
             1         23.115         2.4226       0.652372       0.627033      -0.289828      -0.244011       -1.34428      -0.422418 
           1.2        28.3892        2.30665       0.586826       0.558988      -0.433153      -0.337903       -1.02879       0.116075 
           1.4        34.0045        2.18795       0.522897       0.492803      -0.542138      -0.390176       -0.60825       0.680321 
           1.6        40.0028        2.06827       0.460783       0.428501      -0.618635      -0.404249      -0.137509        1.19597 
           1.8        46.4161        1.94929       0.400709       0.366213      -0.664799      -0.383588       0.334946        1.60139 
             2        53.2647        1.83242       0.342919       0.306182      -0.683155       -0.33199       0.767965        1.84857 
           2.2         60.555        1.71889       0.287672        0.24876      -0.676631      -0.253834         1.1289        1.90539 
           2.4        68.2787        1.60965       0.235219       0.194394      -0.648548      -0.154233         1.3947        1.75816 
           2.6        76.4126        1.50538       0.185802       0.143594      -0.602552     -0.0390605        1.55258        1.41356 
           2.8        84.9199        1.40655       0.139632      0.0969045      -0.542515      0.0851839        1.60006       0.898831 
             3        93.7514        1.31339      0.0968808      0.0548601      -0.472378       0.211652        1.54408       0.259511 
           3.2        102.849        1.22597      0.0576718      0.0179481      -0.395995       0.333532        1.39939      -0.445395 
           3.4        112.148        1.14421      0.0220816     -0.0134238      -0.316978        0.44447        1.18627       -1.15021 
           3.6         121.58        1.06795    -0.00986368     -0.0389587       -0.23855       0.538998       0.927939       -1.79044 
           3.8        131.078       0.996943     -0.0381854     -0.0584845      -0.163442       0.612874       0.647968       -2.31025 
             4        140.576       0.930905     -0.0629493      -0.071966     -0.0938213       0.663307        0.36804       -2.66844 
           4.2        150.015       0.869541     -0.0842633     -0.0794972     -0.0312678       0.689036       0.106264       -2.84188 
           4.4        159.342       0.812547      -0.102273      -0.081293      0.0232177       0.690267      -0.123852       -2.82635 
           4.6        168.514       0.759631      -0.117158     -0.0776654      0.0691572        0.66848      -0.313676        -2.6346 
           4.8        177.494       0.710516      -0.129124      -0.069005       0.106522       0.626169      -0.459188       -2.29288 
             5         186.25       0.664952      -0.138396     -0.0557597       0.135633       0.566554      -0.560269       -1.83643 
           5.2        194.753       0.622726      -0.145218     -0.0384271       0.157077       0.493323      -0.619828        -1.3051 
           5.4         202.97        0.58367      -0.149841      -0.017554        0.17162       0.410418       -0.64291      -0.739371 
           5.6        210.862       0.547665      -0.152531     0.00625095        0.18015       0.321862      -0.635898      -0.177135 
           5.8        218.384       0.514641      -0.153564      0.0323055       0.183632        0.23159      -0.605833       0.349101 
             6         225.48       0.484563      -0.153225      0.0598532       0.183071       0.143249      -0.559821       0.814441 
           6.2        232.096       0.457408      -0.151809      0.0880866       0.179473      0.0599695      -0.504486        1.20319 
           6.4        238.177       0.433155      -0.149606       0.116176       0.173792     -0.0158161      -0.445547        1.50911 
           6.6        243.672       0.411782      -0.146902       0.143298       0.166898     -0.0824562       -0.38757        1.73442 
           6.8        248.549       0.393222      -0.143955       0.168729       0.159527      -0.139208      -0.333776        1.88822 
             7        252.762       0.377475      -0.141009       0.191719        0.15231      -0.185804      -0.286452         1.9831 
           7.2        256.264        0.36457      -0.138287       0.211547       0.145772      -0.222437      -0.247053        2.03372 
           7.4        259.043       0.354442      -0.135957       0.227739        0.14027      -0.249929      -0.216038        2.05501 
           7.6        261.131       0.346888       -0.13411       0.240177       0.135965      -0.269577      -0.192997        2.05981 
           7.8        262.607       0.341574      -0.132756       0.249111       0.132839      -0.282906      -0.176889        2.05735 
             8        263.582       0.338074      -0.131843       0.255077       0.130736      -0.291446      -0.166342        2.05305 
           8.2        264.179       0.335929      -0.131276       0.258762       0.129432      -0.296579      -0.159911        2.04937 
           8.4        264.517       0.334714      -0.130955       0.260857       0.128688       -0.29945      -0.156281        2.04694 
           8.6        264.692       0.334083      -0.130788       0.261946         0.1283      -0.300932      -0.154399        2.04558 
           8.8        264.775       0.333784       -0.13071       0.262463       0.128115      -0.301632      -0.153508        2.04492 
             9        264.811       0.333655      -0.130677       0.262684       0.128036      -0.301932      -0.153125        2.04463 
           9.2        264.824       0.333606      -0.130665       0.262769       0.128005      -0.302047      -0.152977        2.04452 
           9.4        264.829       0.333588       -0.13066       0.262799       0.127994      -0.302087      -0.152926        2.04448 
           9.6         264.83       0.333583      -0.130659       0.262808       0.127991      -0.302099      -0.152911        2.04447 
           9.8        264.831       0.333582      -0.130659        0.26281        0.12799      -0.302103      -0.152907        2.04447 
            10        264.831       0.333582      -0.130659        0.26281        0.12799      -0.302103      -0.152906        2.04447 
          10.2        264.831       0.333581      -0.130659       0.262811        0.12799      -0.302104      -0.152905        2.04447 
          10.4        264.831       0.333581      -0.130659       0.262811        0.12799      -0.302104      -0.152905        2.04447 
          10.6        264.831       0.333581      -0.130659       0.262811        0.12799      -0.302104      -0.152905        2.04447 
          10.8        264.831       0.333581      -0.130659       0.262811        0.12799      -0.302104      -0.152905        2.04447 
            11        264.831       0.333581      -0.130659       0.262811        0.12799      -0.302104      -0.152905        2.04447 
          11.2        264.831       0.333581      -0.130659       0.262811        0.12799      -0.302104      -0.152905        2.04447 
          11.4        264.831       0.333581      -0.130659       0.262811        0.12799      -0.302104      -0.152905        2.04447 
          11.6        264.831       0.333581      -0.130659       0.262811        0.12799      -0.302104      -0.152905        2.04447 
          11.8        264.831       0.333581      -0.130659       0.262811        0.12799      -0.302104      -0.152905        2.04447 
            12        264.831       0.333581      -0.130659       0.262811        0.12799      -0.302104      -0.152905        2.04447 
          12.2        264.831       0.333581      -0.130659       0.262811        0.12799      -0.302104      -0.152905        2.04447 
          12.4        264.831       0.333581      -0.130659       0.262811        0.12799      -0.302104      -0.152905        2.04447 
          12.6        264.831       0.333581      -0.130659       0.262811        0.12799      -0.302104      -0.152905        2.04447 
          12.8        264.831       0.333581      -0.130659       0.262811        0.12799      -0.302104      -0.152905        2.04447 
            13        264.831       0.333581      -0.130659       0.262811        0.12799      -0.302104      -0.152905        2.04447 
          13.2        264.831       0.333581      -0.130659       0.262811        0.12799      -0.302104      -0.152905        2.04447 
          13.4        264.831       0.333581      -0.130659       0.262811        0.12799      -0.302104      -0.152905        2.04447 
          13.6        264.831       0.333581      -0.130659       0.262811        0.12799      -0.302104      -0.152905        2.04447 
          13.8        264.831       0.333581      -0.130659       0.262811        0.12799      -0.302104      -0.152905        2.04447 
            14        264.831       0.333581      -0.130659       0.262811        0.12799      -0.302104      -0.152905        2.04447 
