                  dY                   K1                K2/K1                K3/K1                K4/K2                K5/K1                K6/K2                K7/K1                K8/K2 
                 0.2              11.7651              1.37103             0.881844             0.825956             0.467377             0.252158              -0.7339             -1.12618 
                 0.4              23.6532              1.30876              0.76923             0.663463            0.0665734            -0.226153             -1.25046             -1.00341 
                 0.6              35.7801              1.24392             0.661941             0.511741            -0.220127            -0.482941             -1.03551             0.133777 
                 0.8              48.2469              1.17699             0.559943             0.370547            -0.408188            -0.559454            -0.454115              1.43653 
                   1              61.1341              1.10856             0.463381              0.24019            -0.511806            -0.493455             0.224588              2.35706 
                 1.2               74.496              1.03924             0.372562             0.121491            -0.544711            -0.321716             0.812851              2.60119 
                 1.4              88.3569             0.969633             0.287915            0.0156982            -0.520698           -0.0814448              1.19593              2.09882 
                 1.6              102.711             0.900294             0.209948           -0.0756385            -0.453815             0.189598              1.32552             0.973609 
                 1.8               117.52             0.831734             0.139192            -0.150834            -0.358193             0.454276              1.21121            -0.502301 
                   2              132.721             0.764395            0.0761454            -0.208248            -0.247579             0.678376             0.907756             -1.97469 
                 2.2              148.222             0.698651            0.0212255            -0.246471            -0.134649             0.833561             0.497839                -3.09 
                 2.4              163.913             0.634823           -0.0252764            -0.264492           -0.0302703             0.900351            0.0723022             -3.57978 
                 2.6              179.668             0.573194           -0.0632305            -0.261846            0.0571795             0.870514            -0.288944             -3.32693 
                 2.8              195.347             0.514015            -0.092697            -0.238714              0.12229             0.748243            -0.531636             -2.39503 
                   3              210.802             0.457521            -0.113943            -0.195996             0.162798             0.549737             -0.63461             -1.01071 
                 3.2              225.882             0.403935            -0.127446            -0.135325             0.179431             0.301074            -0.608911             0.497766 
                 3.4              240.435             0.353467            -0.133891           -0.0590402             0.175416             0.034586            -0.489602              1.78884 
                 3.6              254.308             0.306327            -0.134146            0.0298691              0.15574            -0.215765            -0.323228              2.59706 
                 3.8              267.355             0.262705            -0.129233             0.127896             0.126246            -0.419386            -0.154667              2.79756 
                   4              279.449             0.222751            -0.120278             0.231233            0.0927117             -0.55354           -0.0169523              2.42572 
                 4.2              290.489             0.186552            -0.108436             0.336055            0.0600438            -0.606263            0.0735044              1.64769 
                 4.4              300.409             0.154123           -0.0948209              0.43881            0.0317628             -0.57703             0.115938             0.696571 
                 4.6              309.177             0.125403           -0.0804374             0.536438           0.00983805            -0.475275             0.120292            -0.198984 
                 4.8              316.794             0.100269           -0.0661428             0.626492           -0.0051725            -0.317514             0.101048            -0.869453 
                   5              323.285            0.0785428           -0.0526253             0.707204           -0.0137959            -0.123891            0.0720648              -1.2305 
                 5.2              328.692            0.0600283           -0.0404075             0.777401            -0.017232            0.0848525            0.0435837             -1.28062 
                 5.4              333.073            0.0445601           -0.0298479             0.836448           -0.0169765             0.289742            0.0213356             -1.08088 
                 5.6              336.508            0.0319753           -0.0211344             0.884297           -0.0145337             0.475623           0.00702939            -0.726181 
                 5.8              339.101            0.0220695           -0.0142894             0.921502           -0.0111893             0.632571         -0.000350787            -0.314782 
                   6              340.975             0.014576          -0.00918822             0.949139          -0.00786616              0.75627          -0.00301483            0.0752475 
                 6.2              342.265           0.00916417          -0.00559562             0.968666          -0.00508814              0.84736          -0.00316274             0.397311 
                 6.4              343.107           0.00545592          -0.00321379             0.981728          -0.00304002             0.910017          -0.00236603             0.635336 
                 6.6              343.625           0.00305947          -0.00173302             0.989963          -0.00168043             0.950234          -0.00147364             0.795027 
                 6.8              343.923           0.00160713         -0.000873253             0.994833          -0.00085933             0.974277         -0.000804126             0.893045 
                   7              344.084           0.00078631         -0.000409043             0.997521         -0.000405852             0.987631         -0.000393142               0.9483 
                 7.2              344.164          0.000356136         -0.000177087             0.998898         -0.000176462             0.994495         -0.000173963              0.97693 
                 7.4              344.201          0.000148335         -7.04056e-05             0.999549          -7.0302e-05             0.997747         -6.98878e-05             0.990544 
                 7.6              344.216           5.6406e-05         -2.55223e-05             0.999831          -2.5508e-05             0.999157         -2.54509e-05             0.996462 
                 7.8              344.222          1.94265e-05         -8.36893e-06             0.999943         -8.36732e-06             0.999714         -8.36087e-06               0.9988 
                   8              344.224          6.00638e-06         -2.46052e-06             0.999983         -2.46037e-06             0.999913         -2.45978e-06             0.999635 
                 8.2              344.225          1.65095e-06         -6.42318e-07             0.999995         -6.42307e-07             0.999976         -6.42265e-07             0.999901 
                 8.4              344.225          3.99075e-07         -1.47284e-07             0.999999         -1.47283e-07             0.999994         -1.47281e-07             0.999976 
                 8.6              344.225          8.38204e-08         -2.93119e-08                    1         -2.93119e-08             0.999999         -2.93118e-08             0.999995 
                 8.8              344.225          1.50941e-08         -4.99616e-09                    1         -4.99616e-09                    1         -4.99616e-09             0.999999 
                   9              344.225          2.29575e-09         -7.18558e-10                    1         -7.18558e-10                    1         -7.18558e-10                    1 
                 9.2              344.225              2.9e-10         -8.57517e-11                    1         -8.57517e-11                    1         -8.57517e-11                    1 
                 9.4              344.225          2.98524e-11         -8.33208e-12                    1         -8.33208e-12                    1         -8.33208e-12                    1 
                 9.6              344.225          2.45104e-12         -6.45163e-13                    1         -6.45163e-13                    1         -6.45163e-13                    1 
                 9.8              344.225           1.5664e-13         -3.88361e-14                    1         -3.88361e-14                    1         -3.88361e-14                    1 
                  10              344.225          7.55957e-15         -1.75651e-15                    1         -1.75651e-15                    1         -1.75651e-15                    1 
                10.2              344.225          2.56172e-16         -5.36108e-17                    1         -5.36108e-17                    1         -5.36108e-17                    1 
                10.4              344.225          3.06997e-18         -4.09511e-19                    1         -4.09511e-19                    1         -4.09511e-19                    1 
                10.6              344.225                    0                 -nan                 -nan                 -nan                 -nan                 -nan                 -nan 
                10.8              344.225                    0                 -nan                 -nan                 -nan                 -nan                 -nan                 -nan 
                  11              344.225                    0                 -nan                 -nan                 -nan                 -nan                 -nan                 -nan 
                11.2              344.225                    0                 -nan                 -nan                 -nan                 -nan                 -nan                 -nan 
                11.4              344.225                    0                 -nan                 -nan                 -nan                 -nan                 -nan                 -nan 
                11.6              344.225                    0                 -nan                 -nan                 -nan                 -nan                 -nan                 -nan 
                11.8              344.225                    0                 -nan                 -nan                 -nan                 -nan                 -nan                 -nan 
                  12              344.225                    0                 -nan                 -nan                 -nan                 -nan                 -nan                 -nan 
