                  dY                  C~1              C~2/C~1              C~3/C~1              C~4/C~1              C~5/C~1              C~6/C~1              C~7/C~1              C~8/C~1 
                 0.2              2.00022          -0.00239503          1.48301e-05         -1.44803e-07          1.92027e-09         -3.20845e-11          4.54696e-13         -3.63757e-12 
                 0.4              4.00437          -0.00479477          5.94367e-05         -1.16183e-06          3.08452e-08         -1.03251e-09          4.11097e-11         -9.08501e-13 
                 0.6              6.01641          -0.00720394          0.000134171         -3.94051e-06           1.5718e-07         -7.90526e-09          4.79206e-10         -2.84198e-11 
                 0.8              8.04037          -0.00962739          0.000239628          -9.4052e-06          5.01363e-07         -3.36985e-08          2.73062e-09         -2.44331e-10 
                   1              10.0803             -0.01207          0.000376649         -1.85339e-05          1.23866e-06         -1.04378e-07          1.06033e-08         -1.25881e-09 
                 1.2              12.1405           -0.0145368          0.000546331         -3.23777e-05          2.60609e-06         -2.64488e-07          3.23609e-08         -4.64709e-09 
                 1.4              14.2248           -0.0170326          0.000750033         -5.20814e-05          4.91178e-06         -5.84074e-07          8.37315e-08         -1.40252e-08 
                 1.6              16.3374           -0.0195621          0.000989357         -7.89026e-05          8.54641e-06         -1.16721e-06          1.92181e-07         -3.70313e-08 
                 1.8              18.4819           -0.0221299           0.00126613          -0.00011423          1.39969e-05         -2.16252e-06          4.02794e-07         -8.77861e-08 
                   2              20.6613           -0.0247394           0.00158234         -0.000159592          2.18613e-05         -3.77585e-06          7.86227e-07         -1.91512e-07 
                 2.2               22.878           -0.0273937           0.00194009         -0.000216668          3.28642e-05         -6.28525e-06          1.44916e-06         -3.90862e-07 
                 2.4              25.1335           -0.0300944           0.00234149         -0.000287277          4.78699e-05         -1.00577e-05          2.54757e-06         -7.54895e-07 
                 2.6              27.4282           -0.0328421           0.00278857         -0.000373366          6.78955e-05         -1.55676e-05          4.30323e-06         -1.39147e-06 
                 2.8              29.7616            -0.035636           0.00328321         -0.000476991          9.41185e-05          -2.3416e-05          7.02338e-06         -2.46429e-06 
                   3              32.1322           -0.0384745           0.00382706         -0.000600288          0.000127882         -3.43503e-05          1.11236e-05         -4.21383e-06 
                 3.2              34.5377           -0.0413548           0.00442153         -0.000745453          0.000170696          -4.9283e-05          1.71541e-05         -6.98481e-06 
                 3.4              36.9755           -0.0442738           0.00506774          -0.00091471          0.000224236          -6.9311e-05          2.58281e-05          -1.1259e-05 
                 3.6              39.4428           -0.0472281           0.00576662          -0.00111031          0.000290349         -9.57348e-05          3.80552e-05          -1.7696e-05 
                 3.8              41.9364           -0.0502139           0.00651881          -0.00133449          0.000371034         -0.000130073          5.49737e-05         -2.71794e-05 
                   4              44.4533           -0.0532276           0.00732477          -0.00158947          0.000468452         -0.000174081          7.79887e-05         -4.08722e-05 
                 4.2              46.9905           -0.0562656           0.00818475          -0.00187746           0.00058491         -0.000229763           0.00010881         -6.02796e-05 
                 4.4              49.5448           -0.0593241           0.00909875          -0.00220057          0.000722838         -0.000299379          0.000149484         -8.73144e-05 
                 4.6              52.1132           -0.0623995            0.0100666          -0.00256085          0.000884792         -0.000385453           0.00020244         -0.000124376 
                 4.8              54.6928           -0.0654882            0.0110878          -0.00296027           0.00107342         -0.000490774          0.000270513         -0.000174426 
                   5              57.2805           -0.0685867            0.0121619          -0.00340065           0.00129145         -0.000618397          0.000356986         -0.000241075 
                 5.2              59.8741           -0.0716921            0.0132881           -0.0038838           0.00154171         -0.000771656          0.000465628         -0.000328678 
                 5.4              62.4708           -0.0748014            0.0144657          -0.00441135           0.00182708         -0.000954149          0.000600717         -0.000442425 
                 5.6              65.0687           -0.0779121            0.0156938           -0.0049849           0.00215049          -0.00116974          0.000767076         -0.000588442 
                 5.8              67.6653           -0.0810213            0.0169714          -0.00560582           0.00251486          -0.00142253          0.000970071         -0.000773861 
                   6              70.2581           -0.0841258            0.0182969          -0.00627522           0.00292303          -0.00171677           0.00121558          -0.00100687 
                 6.2               72.843           -0.0872209             0.019668          -0.00699364           0.00337753          -0.00205669           0.00150985          -0.00129662 
                 6.4              75.4142           -0.0902997            0.0210811          -0.00776069           0.00388028          -0.00244623            0.0018592            -0.001653 
                 6.6              77.9631           -0.0933516            0.0225301          -0.00857448           0.00443205          -0.00288852           0.00226956          -0.00208604 
                 6.8              80.4774           -0.0963622            0.0240067          -0.00943109           0.00503204          -0.00338532           0.00274568          -0.00260505 
                   7              82.9411           -0.0993122            0.0254991           -0.0103241           0.00567713          -0.00393623           0.00329023          -0.00321729 
                 7.2              85.3346            -0.102178             0.026992           -0.0112439           0.00636135          -0.00453791           0.00390263          -0.00392623 
                 7.4              87.6349            -0.104933            0.0284669           -0.0121779           0.00707553          -0.00518344           0.00457796           -0.0047298 
                 7.6              89.8175            -0.107546            0.0299025           -0.0131107           0.00780718          -0.00586188           0.00530609          -0.00561861 
                 7.8              91.8577            -0.109989            0.0312764           -0.0140245           0.00854104          -0.00655855           0.00607155          -0.00657518 
                   8              93.7325            -0.112234            0.0325661           -0.0149008           0.00925997          -0.00725573           0.00685405          -0.00757409 
                 8.2              95.4235            -0.114258            0.0337518            -0.015722           0.00994652           -0.0079343           0.00763027          -0.00858398 
                 8.4              96.9187            -0.116049            0.0348178           -0.0164727            0.0105847          -0.00857571           0.00837633          -0.00957094 
                 8.6              98.2093            -0.117594            0.0357512           -0.0171395            0.0111599          -0.00916207           0.00906822           -0.0104995 
                 8.8              99.2901            -0.118888            0.0365425           -0.0177116            0.0116593          -0.00967745           0.00968375           -0.0113355 
                   9              100.164            -0.119935            0.0371886           -0.0181835            0.0120753            -0.010111            0.0102066           -0.0120528 
                 9.2              100.843            -0.120747            0.0376943           -0.0185557             0.012406           -0.0104582            0.0106287           -0.0126362 
                 9.4              101.346             -0.12135            0.0380715           -0.0188348            0.0126554           -0.0107217            0.0109509           -0.0130843 
                 9.6                101.7            -0.121774             0.038338            -0.019033            0.0128333           -0.0109104            0.0111825           -0.0134077 
                 9.8              101.936            -0.122056            0.0385156           -0.0191654            0.0129525           -0.0110372            0.0113387           -0.0136264 
                  10              102.082            -0.122231            0.0386265           -0.0192482            0.0130271           -0.0111168            0.0114368           -0.0137641 
                10.2              102.167            -0.122333            0.0386909           -0.0192963            0.0130706           -0.0111632            0.0114941           -0.0138446 
                10.4              102.213            -0.122388            0.0387255           -0.0193222             0.013094           -0.0111882             0.011525            -0.013888 
                10.6              102.235            -0.122415            0.0387426            -0.019335            0.0131056           -0.0112005            0.0115403           -0.0139095 
                10.8              102.246            -0.122427            0.0387503           -0.0193408            0.0131108           -0.0112061            0.0115472           -0.0139192 
                  11               102.25            -0.122432            0.0387534           -0.0193431            0.0131129           -0.0112084              0.01155           -0.0139231 
                11.2              102.251            -0.122434            0.0387546           -0.0193441            0.0131137           -0.0112092             0.011551           -0.0139246 
                11.4              102.252            -0.122435             0.038755           -0.0193443            0.0131139           -0.0112095            0.0115514           -0.0139251 
                11.6              102.252            -0.122435            0.0387551           -0.0193444             0.013114           -0.0112096            0.0115514           -0.0139252 
                11.8              102.252            -0.122435            0.0387551           -0.0193444             0.013114           -0.0112096            0.0115515           -0.0139252 
                  12              102.252            -0.122435            0.0387551           -0.0193444             0.013114           -0.0112096            0.0115515           -0.0139252 
                12.2              102.252            -0.122435            0.0387551           -0.0193444             0.013114           -0.0112096            0.0115515           -0.0139252 
                12.4              102.252            -0.122435            0.0387551           -0.0193444             0.013114           -0.0112096            0.0115515           -0.0139252 
                12.6              102.252            -0.122435            0.0387551           -0.0193444             0.013114           -0.0112096            0.0115515           -0.0139252 
                12.8              102.252            -0.122435            0.0387551           -0.0193444             0.013114           -0.0112096            0.0115515           -0.0139252 
                  13              102.252            -0.122435            0.0387551           -0.0193444             0.013114           -0.0112096            0.0115515           -0.0139252 
                13.2              102.252            -0.122435            0.0387551           -0.0193444             0.013114           -0.0112096            0.0115515           -0.0139252 
                13.4              102.252            -0.122435            0.0387551           -0.0193444             0.013114           -0.0112096            0.0115515           -0.0139252 
                13.6              102.252            -0.122435            0.0387551           -0.0193444             0.013114           -0.0112096            0.0115515           -0.0139252 
                13.8              102.252            -0.122435            0.0387551           -0.0193444             0.013114           -0.0112096            0.0115515           -0.0139252 
                  14              102.252            -0.122435            0.0387551           -0.0193444             0.013114           -0.0112096            0.0115515           -0.0139252 
