                  dY                   K1                K2/K1                K3/K1                K4/K2                K5/K1                K6/K2                K7/K1                K8/K2 
                 0.2              2.00022             0.997605              0.99283             0.985684             0.964444             0.929305             0.853526             0.711617 
                 0.4              4.00437             0.995205             0.985675              0.97145             0.929553             0.860764             0.715418             0.448688 
                 0.6              6.01641             0.992796             0.978522              0.95727             0.895256             0.794221              0.58518              0.20968 
                 0.8              8.04037             0.990373             0.971357             0.943116             0.861486             0.729537              0.46238          -0.00674406 
                   1              10.0803              0.98793             0.964167             0.928964             0.828182             0.666587             0.346644            -0.201739 
                 1.2              12.1405             0.985463             0.956936             0.914786             0.795286             0.605263             0.237656            -0.376292 
                 1.4              14.2248             0.982967             0.949652             0.900559             0.762746             0.545472             0.135155            -0.531239 
                 1.6              16.3374             0.980438             0.942303             0.886259             0.730521             0.487143            0.0389373            -0.667272 
                 1.8              18.4819              0.97787             0.934877             0.871868             0.698577             0.430229           -0.0511431            -0.784957 
                   2              20.6613             0.975261             0.927364             0.857369             0.666893             0.374709            -0.135175            -0.884752 
                 2.2               22.878             0.972606             0.919759             0.842754             0.635463             0.320588            -0.213201            -0.967043 
                 2.4              25.1335             0.969906             0.912058             0.828019             0.604296             0.267904            -0.285215             -1.03218 
                 2.6              27.4282             0.967158             0.904262              0.81317             0.573417             0.216718            -0.351188              -1.0805 
                 2.8              29.7616             0.964364             0.896375             0.798215             0.542864             0.167111            -0.411079             -1.11241 
                   3              32.1322             0.961526             0.888404             0.783173             0.512684             0.119177            -0.464855             -1.12838 
                 3.2              34.5377             0.958645             0.880357             0.768063             0.482932             0.073014            -0.512504             -1.12898 
                 3.4              36.9755             0.955726             0.872246             0.752909             0.453663             0.028717            -0.554048              -1.1149 
                 3.6              39.4428             0.952772             0.864082             0.737734             0.424931           -0.0136304            -0.589551             -1.08694 
                 3.8              41.9364             0.949786             0.855877             0.722564             0.396787           -0.0539545            -0.619118             -1.04599 
                   4              44.4533             0.946772             0.847642              0.70742             0.369279           -0.0921973            -0.642894            -0.993017 
                 4.2              46.9905             0.943734             0.839388             0.692326             0.342445            -0.128316            -0.661061            -0.929066 
                 4.4              49.5448             0.940676             0.831127             0.677304             0.316325            -0.162279            -0.673831            -0.855222 
                 4.6              52.1132             0.937601             0.822868             0.662374             0.290949            -0.194071            -0.681448            -0.772598 
                 4.8              54.6928             0.934512             0.814623             0.647557             0.266343            -0.223687            -0.684175            -0.682328 
                   5              57.2805             0.931413             0.806402              0.63287              0.24253            -0.251135            -0.682298            -0.585541 
                 5.2              59.8741             0.928308             0.798212             0.618329             0.219524            -0.276438            -0.676115            -0.483339 
                 5.4              62.4708             0.925199             0.790061             0.603949             0.197335            -0.299629            -0.665931            -0.376795 
                 5.6              65.0687             0.922088             0.781958             0.589742             0.175967            -0.320749            -0.652057            -0.266938 
                 5.8              67.6653             0.918979             0.773908             0.575719             0.155423            -0.339845            -0.634805            -0.154758 
                   6              70.2581             0.915874              0.76592             0.561896             0.135707            -0.356967            -0.614491           -0.0412149 
                 6.2               72.843             0.912779             0.758005             0.548291             0.116828            -0.372166             -0.59144            0.0727305 
                 6.4              75.4142               0.9097             0.750182             0.534932            0.0988045            -0.385492            -0.565999             0.186096 
                 6.6              77.9631             0.906648             0.742475             0.521862            0.0816661            -0.396998            -0.538553             0.297837 
                 6.8              80.4774             0.903638              0.73492             0.509135            0.0654567            -0.406741            -0.509531             0.406855 
                   7              82.9411             0.900688             0.727562             0.496826            0.0502313            -0.414794            -0.479424             0.511996 
                 7.2              85.3346             0.897822             0.720458              0.48502            0.0360518             -0.42125            -0.448776             0.612093 
                 7.4              87.6349             0.895067             0.713669             0.473814            0.0229809            -0.426227            -0.418179             0.706025 
                 7.6              89.8175             0.892454             0.707265              0.46331            0.0110747            -0.429874            -0.388248             0.792787 
                 7.8              91.8577             0.890011              0.70131             0.453604          0.000374237            -0.432368            -0.359583             0.871574 
                   8              93.7325             0.887766             0.695865              0.44478          -0.00910017            -0.433902            -0.332737             0.941838 
                 8.2              95.4235             0.885742             0.690976             0.436899           -0.0173559            -0.434684            -0.308167              1.00334 
                 8.4              96.9187             0.883951             0.686671             0.429993           -0.0244293            -0.434911            -0.286204              1.05615 
                 8.6              98.2093             0.882406             0.682969             0.424078           -0.0303659            -0.434765            -0.267092              1.10051 
                 8.8              99.2901             0.881112             0.679878             0.419158           -0.0352194            -0.434405            -0.250992              1.13675 
                   9              100.164             0.880065             0.677384             0.415202           -0.0390658            -0.433957            -0.237918              1.16544 
                 9.2              100.843             0.879253             0.675452             0.412143           -0.0420046            -0.433514            -0.227737              1.18733 
                 9.4              101.346              0.87865             0.674021             0.409883           -0.0441565            -0.433133            -0.220174              1.20333 
                 9.6                101.7             0.878226             0.673016             0.408296           -0.0456575            -0.432838            -0.214843              1.21449 
                 9.8              101.936             0.877944             0.672348             0.407244           -0.0466483             -0.43263              -0.2113              1.22184 
                  10              102.082             0.877769             0.671932             0.406589            -0.047263            -0.432496            -0.209092               1.2264 
                10.2              102.167             0.877667             0.671691              0.40621           -0.0476189            -0.432416             -0.20781              1.22904 
                10.4              102.213             0.877612             0.671562             0.406005           -0.0478099            -0.432373             -0.20712              1.23046 
                10.6              102.235             0.877585             0.671498             0.405905           -0.0479042            -0.432351             -0.20678              1.23115 
                10.8              102.246             0.877573             0.671469             0.405859           -0.0479466            -0.432341            -0.206627              1.23147 
                  11               102.25             0.877568             0.671457             0.405841           -0.0479638            -0.432338            -0.206565               1.2316 
                11.2              102.251             0.877566             0.671453             0.405834           -0.0479704            -0.432336            -0.206541              1.23164 
                11.4              102.252             0.877565             0.671451             0.405832           -0.0479723            -0.432335            -0.206534              1.23166 
                11.6              102.252             0.877565             0.671451             0.405831           -0.0479729            -0.432335            -0.206532              1.23166 
                11.8              102.252             0.877565             0.671451             0.405831           -0.0479731            -0.432335            -0.206531              1.23166 
                  12              102.252             0.877565             0.671451             0.405831           -0.0479731            -0.432335            -0.206531              1.23166 
                12.2              102.252             0.877565             0.671451             0.405831           -0.0479731            -0.432335            -0.206531              1.23167 
                12.4              102.252             0.877565             0.671451             0.405831           -0.0479731            -0.432335            -0.206531              1.23167 
                12.6              102.252             0.877565             0.671451             0.405831           -0.0479731            -0.432335            -0.206531              1.23167 
                12.8              102.252             0.877565             0.671451             0.405831           -0.0479731            -0.432335            -0.206531              1.23167 
                  13              102.252             0.877565             0.671451             0.405831           -0.0479731            -0.432335            -0.206531              1.23167 
                13.2              102.252             0.877565             0.671451             0.405831           -0.0479731            -0.432335            -0.206531              1.23167 
                13.4              102.252             0.877565             0.671451             0.405831           -0.0479731            -0.432335            -0.206531              1.23167 
                13.6              102.252             0.877565             0.671451             0.405831           -0.0479731            -0.432335            -0.206531              1.23167 
                13.8              102.252             0.877565             0.671451             0.405831           -0.0479731            -0.432335            -0.206531              1.23167 
                  14              102.252             0.877565             0.671451             0.405831           -0.0479731            -0.432335            -0.206531              1.23167 
