                  dY                  C~1              C~2/C~1              C~3/C~1              C~4/C~1              C~5/C~1              C~6/C~1              C~7/C~1              C~8/C~1 
                 0.2              3.27592          -0.00882547          0.000162464         -4.49369e-06          1.65748e-07         -7.64192e-09          4.22137e-10         -5.55261e-11 
                 0.4              6.57354           -0.0177094          0.000654171         -3.63081e-05          2.68729e-06         -2.48623e-07          2.76023e-08         -3.61388e-09 
                 0.6              9.91257           -0.0267049           0.00148752         -0.000124498          1.38951e-05         -1.93854e-06          3.24541e-07         -6.33725e-08 
                 0.8              13.3088           -0.0358546           0.00268147         -0.000301319           4.5152e-05         -8.45755e-06          1.90105e-06         -4.98497e-07 
                   1              16.7729           -0.0451869           0.00425899         -0.000603152          0.000113906         -2.68893e-05           7.6172e-06         -2.51744e-06 
                 1.2              20.3089            -0.054713           0.00624401          -0.00107069          0.000244827         -6.99798e-05          2.40031e-05         -9.60524e-06 
                 1.4              23.9141           -0.0644257           0.00865766          -0.00174811          0.000470688         -0.000158422           6.3985e-05           -3.015e-05 
                 1.6              27.5788           -0.0742985            0.0115144          -0.00268121          0.000832563         -0.000323161          0.000150523         -8.17965e-05 
                 1.8              31.2863           -0.0842867            0.0148184          -0.00391443            0.0013789         -0.000607176          0.000320832         -0.000197783 
                   2              35.0139           -0.0943291            0.0185598           -0.0054869           0.00216311          -0.00106597          0.000630371         -0.000434904 
                 2.2              38.7337             -0.10435            0.0227128          -0.00742802           0.00323947            -0.001766           0.00115528         -0.000881725 
                 2.4              42.4136            -0.114264            0.0272334          -0.00975261           0.00465733          -0.00278016           0.00199151          -0.00166435 
                 2.6              46.0174            -0.123973             0.032058           -0.0124558           0.00645366           -0.0041798           0.00324853          -0.00294554 
                 2.8              49.5062            -0.133372            0.0371031           -0.0155089           0.00864474          -0.00602335           0.00503623          -0.00491271 
                   3              52.8387             -0.14235            0.0422665           -0.0188565            0.0112183          -0.00834266           0.00744502          -0.00775129 
                 3.2              55.9747            -0.150798            0.0474324           -0.0224172            0.0141281           -0.0111302            0.0105221           -0.0116051 
                 3.4              58.8772            -0.158618             0.052479           -0.0260883            0.0172943            -0.014331            0.0142506           -0.0165324 
                 3.6               61.516            -0.165727            0.0572885           -0.0297555            0.0206095           -0.0178436            0.0185386           -0.0224709 
                 3.8              63.8695            -0.172067            0.0617559           -0.0333031            0.0239491           -0.0215283            0.0232227           -0.0292255 
                   4              65.9196             -0.17759             0.065784           -0.0366141            0.0271752           -0.0252124            0.0280697           -0.0364593 
                 4.2              67.6497            -0.182251            0.0692826           -0.0395734            0.0301426           -0.0286994            0.0327905           -0.0437089 
                 4.4              69.0551            -0.186037            0.0721909           -0.0420912            0.0327263           -0.0318068            0.0370958           -0.0504749 
                 4.6              70.1469            -0.188979            0.0744918           -0.0441194            0.0348457            -0.034402            0.0407569           -0.0563333 
                 4.8              70.9536            -0.191152            0.0762149           -0.0456591            0.0364764           -0.0364262            0.0436513           -0.0610277 
                   5              71.5171             -0.19267            0.0774303           -0.0467556            0.0376491           -0.0378958             0.045773           -0.0645023 
                 5.2              71.8872            -0.193667            0.0782338           -0.0474852            0.0384345           -0.0388865            0.0472127           -0.0668754 
                 5.4              72.1145             -0.19428            0.0787293           -0.0479371            0.0389229           -0.0395052            0.0481155           -0.0683696 
                 5.6              72.2443            -0.194629             0.079013           -0.0481965            0.0392039           -0.0398621            0.0486376           -0.0692359 
                 5.8              72.3127            -0.194814            0.0791628           -0.0483335            0.0393527           -0.0400512            0.0489147           -0.0696963 
                   6              72.3459            -0.194903            0.0792355           -0.0484001             0.039425           -0.0401432            0.0490496           -0.0699205 
                 6.2              72.3606            -0.194943            0.0792676           -0.0484296            0.0394569           -0.0401839            0.0491092           -0.0700198 
                 6.4              72.3664            -0.194958            0.0792804           -0.0484413            0.0394697           -0.0402002            0.0491331           -0.0700595 
                 6.6              72.3686            -0.194964            0.0792851           -0.0484456            0.0394744           -0.0402061            0.0491418           -0.0700739 
                 6.8              72.3692            -0.194966            0.0792865           -0.0484469            0.0394758           -0.0402079            0.0491444           -0.0700783 
                   7              72.3694            -0.194966             0.079287           -0.0484473            0.0394762           -0.0402085            0.0491453           -0.0700797 
                 7.2              72.3695            -0.194967             0.079287           -0.0484474            0.0394763           -0.0402086            0.0491454             -0.07008 
                 7.4              72.3695            -0.194967             0.079287           -0.0484474            0.0394763           -0.0402086            0.0491454             -0.07008 
                 7.6              72.3695            -0.194967             0.079287           -0.0484474            0.0394763           -0.0402086            0.0491454             -0.07008 
                 7.8              72.3695            -0.194967             0.079287           -0.0484474            0.0394763           -0.0402086            0.0491454             -0.07008 
                   8              72.3695            -0.194967             0.079287           -0.0484474            0.0394763           -0.0402086            0.0491454             -0.07008 
                 8.2              72.3695            -0.194967             0.079287           -0.0484474            0.0394763           -0.0402086            0.0491454             -0.07008 
                 8.4              72.3695            -0.194967             0.079287           -0.0484474            0.0394763           -0.0402086            0.0491454             -0.07008 
                 8.6              72.3695            -0.194967             0.079287           -0.0484474            0.0394763           -0.0402086            0.0491454             -0.07008 
                 8.8              72.3695            -0.194967             0.079287           -0.0484474            0.0394763           -0.0402086            0.0491454             -0.07008 
                   9              72.3695            -0.194967             0.079287           -0.0484474            0.0394763           -0.0402086            0.0491454             -0.07008 
                 9.2              72.3695            -0.194967             0.079287           -0.0484474            0.0394763           -0.0402086            0.0491454             -0.07008 
                 9.4              72.3695            -0.194967             0.079287           -0.0484474            0.0394763           -0.0402086            0.0491454             -0.07008 
                 9.6              72.3695            -0.194967             0.079287           -0.0484474            0.0394763           -0.0402086            0.0491454             -0.07008 
                 9.8              72.3695            -0.194967             0.079287           -0.0484474            0.0394763           -0.0402086            0.0491454             -0.07008 
                  10              72.3695            -0.194967             0.079287           -0.0484474            0.0394763           -0.0402086            0.0491454             -0.07008 
